19418
63158
95526
12920
78026
34029
27415
39333
91144
70082
47182
23526
82502
86845
93644
37520
30470
92301
295
66561
4813
39970
23932
18611
51787
24956
75967
1154
38456
44512
91387
2290
7904
24295
17925
2632
35030
54531
33424
9665
23993
5204
78257
10156
80401
47160
67609
38553
42242
46881
57157
84783
20483
70341
24657
59376
48991
8175
82224
83962
79799
52782
64535
98633
49168
43678
47379
85641
55809
14867
48852
72488
78139
56714
90630
55325
48575
96863
5593
80184
16390
2474
87703
7766
2419
68109
51510
9203
50931
71767
47765
57987
37535
16168
59083
7249
19237
25240
49525
44632
23231
23720
15697
73271
5858
40713
33723
85819
38324
24856
21611
43938
26577
19077
37270
5640
56106
75867
28507
21507
96901
78246
70044
78043
65587
377
29412
2935
71169
97503
35308
83616
20474
46068
17744
76157
24754
2688
73307
53084
15351
43067
42433
41437
32797
72472
34904
29173
97797
64886
60715
53993
48063
36991
59166
99428
658
91562
67996
24937
85263
53797
52500
35668
83982
26833
18
25029
54166
67310
54588
94735
61220
8916
188
44582
97551
94243
91650
76497
79788
88989
4398
463
82760
77257
94798
63823
64513
98800
66305
59782
41204
80773
47277
97289
66486
57994
48529
89881
22902
67050
75138
83175
11941
98849
89506
82152
64528
69999
22698
99519
40905
71703
10060
86321
35055
11711
40031
13751
17202
54760
66683
24098
59282
9150
87601
95537
79516
67935
34389
23420
11759
24204
93716
21967
34396
41137
8238
2991
21696
60345
25769
68035
58453
78382
76860
12741
71777
49509
69831
85673
50670
80077
81972
72874
2783
5957
95178
30987
17535
24840
6260
46042
17416
81841
54256
34656
61599
34164
16388
22436
31986
97618
29601
58509
49804
97589
33306
16080
76018
46586
30846
20927
69553
62711
16820
96738
29707
51296
46964
39792
74928
97803
80138
98365
23587
15586
58108
5547
23802
12270
98427
98630
83663
83454
96112
85418
9096
73503
43580
79352
57099
70754
24771
55985
83623
32480
92153
35853
34002
86849
94892
67764
40193
93839
2411
46989
2454
78627
45154
53053
56345
53889
80274
36916
62692
88204
76380
19508
5691
34430
37341
26450
47945
35511
33741
80817
75898
28894
15986
76357
25281
69673
29990
91436
59681
89577
63579
15838
99679
38514
23200
24719
92963
91793
75135
11306
42778
16288
24034
33930
90111
25082
48965
4280
36251
99278
25930
22078
60629
48210
35524
97101
64215
5041
46340
33012
70045
32943
17109
74573
29935
9909
41557
12064
96061
90712
62151
36665
75822
72442
21760
76496
62627
92283
34981
21598
65040
54180
70834
48818
50026
77121
50897
99894
36782
17360
74182
31395
2186
32360
46373
23458
66849
39211
46709
89345
17004
84929
63046
70561
81943
34210
11375
93075
24558
63006
1455
68156
19373
52420
16423
83645
90419
93149
52716
86192
79183
249
57286
68530
16750
65019
91529
89448
90709
91483
90464
42313
85774
31433
67703
7246
20017
21933
99324
98146
19985
42945
48014
62948
12886
44889
71878
17308
66951
86268
76795
5039
64922
94708
33124
6991
85000
19737
5185
10378
98667
17118
28378
46287
42847
13607
27248
85001
19023
54999
71113
69254
39456
50015
86952
70331
57696
57041
41937
7266
57689
11330
97752
4959
47083
89790
63344
57824
86814
7377
94470
69181
52158
82176
6046
98099
60412
40635
53352
65876
55885
629
99349
60021
48059
12670
78509
4837
30045
86385
46359
86171
59871
63582
66726
23484
80900
10707
84247
94510
78043
175
85240
30307
18639
81756
85447
37706
87220
34644
23476
56512
67237
23984
98311
37103
57564
84070
85626
54831
69133
15670
9946
18944
14320
45193
5541
78720
60753
65180
96279
71852
17592
46301
36805
19439
38706
55193
63541
46305
42832
97557
45309
57997
58410
75426
33412
32935
32648
88916
40598
70703
18215
95352
46700
81624
93179
66441
20560
62673
41476
18835
79640
90924
25116
80238
7488
35609
11046
5968
53982
47334
62560
37579
45581
9429
41570
33146
6087
38872
33876
88520
50698
51562
45048
53473
36059
21201
41479
59293
83860
14231
41454
94143
79137
70006
55410
339
73947
2462
68911
9303
98344
2330
51780
66821
45785
31179
32598
72771
79605
5919
91891
64456
53408
96458
17239
58663
64165
44343
52886
2553
24104
56254
43198
63558
98861
87114
66827
2197
4944
18790
11823
94921
67387
53487
50284
23565
80187
60992
94366
99068
76585
25517
38286
64957
42543
96825
98306
66391
47529
72338
99084
8243
38441
90132
6370
63806
8960
92039
18257
81137
80917
84061
31708
63186
74847
30401
40384
89020
41272
44421
69337
54410
81482
10985
35209
48806
2039
96392
4280
42410
49507
691
87793
42065
58798
73198
13246
20600
8453
7776
57853
30074
62370
98899
20644
59771
62520
82827
65026
25374
55729
42939
64392
77860
8934
14681
59456
92905
70035
36631
33398
58975
44606
97370
32867
82914
83298
99398
57658
59639
19330
53053
41902
32640
20819
46429
11235
34508
94167
88006
19790
8847
62481
41504
93223
52476
11445
9078
34486
16391
53794
96940
98624
7940
35460
53952
13144
93944
21777
49382
57789
95155
21679
64582
65015
20189
70353
92198
46399
19977
43587
85940
24828
81961
2295
66705
79359
1336
55678
86483
31901
64394
44772
77741
74847
17054
3881
99569
36935
83624
47325
44067
65159
17704
60138
41439
50413
90164
98295
53648
80859
31273
7627
5774
3496
70871
66562
62495
75539
64511
80877
70254
47335
6111
52191
10313
7119
96268
87566
79491
89393
1615
32561
27690
61176
14824
49588
59315
18601
79754
26406
22371
66486
19979
26923
47101
89389
68054
97625
99178
33651
85370
84628
81080
55509
89705
93966
30650
96649
52746
14590
3120
12573
84178
85924
44302
45910
59821
67665
1652
47086
77406
34801
6220
6557
12984
38672
69432
59123
97871
57358
13685
75313
50236
39185
39020
60363
33017
26421
42546
16602
60557
6842
94261
88093
22550
92313
65179
70809
31936
91323
99167
30342
38729
84516
15143
67301
7275
94582
95996
54210
65659
58208
25244
2668
56269
30747
72494
30941
51104
14897
12366
92166
35095
22872
67550
70279
69304
44720
26664
91882
12919
40388
8396
45311
68676
21457
52051
12361
42703
87423
88338
76071
7525
45058
40630
21534
90513
35665
74559
21393
87123
30181
11619
18688
52348
78170
4472
99623
18184
15118
36175
99485
91334
99706
48129
65995
12383
67290
55657
46737
96623
61805
99505
39994
57368
99126
6509
99568
54386
70660
84924
38284
6707
40165
58044
39083
637
58113
51441
47142
92026
79207
83849
12882
68536
41281
11896
56074
38422
42430
36358
37894
3688
25427
55715
40597
57572
99735
83266
82007
38776
30064
29018
10841
42005
49055
80717
10154
49058
36112
53756
38425
29307
29733
47034
53478
71790
57952
52612
70724
88955
17989
13468
61863
75747
5569
72524
72856
89579
13777
37827
79648
84016
43247
38539
81374
73413
41817
99534
91510
30974
84836
87303
87126
33970
86236
7846
95410
84661
36781
63371
77916
24779
31051
62318
86314
95163
12074
49432
35978
67274
94032
74127
1137
29692
84813
21843
484
63151
40397
8053
55692
90347
89234
8233
33208
34408
94596
66735
45325
93347
24190
57719
37743
24057
99203
43658
29273
98382
16359
83496
48763
95703
17610
42561
24972
27897
81407
9623
90154
22906
85741
60224
4442
37155
34198
76348
52517
29545
42808
17992
53971
72626
83619
9649
29147
12280
3772
1801
40383
25667
94588
18885
28894
1006
84728
40615
40718
45449
40372
69603
94622
45282
59494
18956
39635
18758
32535
31572
26916
69167
92541
53937
73116
15985
53130
1568
78688
36680
93945
19504
51312
74417
30327
26695
97526
56838
40013
27948
84437
48272
15222
59826
85287
15730
67106
42802
8070
83976
18215
3136
64166
99056
55159
42661
69105
53637
34860
48511
57692
52502
66231
725
34368
19181
42795
40432
70789
57856
79380
38475
94443
97682
38245
49689
48196
86109
53754
55694
8143
4540
3339
68520
61877
92700
30454
5944
38780
916
16147
42
69609
21233
74446
72498
49021
32210
75721
80604
49480
83073
45479
27579
58598
6266
77427
84016
38425
41159
34538
43772
59542
86360
28804
27538
63455
47370
14592
80019
56524
94642
36383
13374
81319
15745
88000
31836
8273
66975
22928
58387
83005
66724
3774
11179
4385
34915
93095
81855
95527
97498
71021
11586
87674
38126
26343
96922
9446
42598
72049
2592
48492
21043
19863
40397
75507
77383
25275
30169
3388
77576
51523
92455
87019
70466
5633
49462
22218
29131
96811
28264
34629
60059
97166
17256
181
63141
44557
57349
30980
22957
90142
71636
15733
51657
5926
11025
66873
8909
44862
32297
22532
74849
46187
14938
3875
85999
53735
4746
32976
82903
98094
46665
86960
37609
17311
87410
36758
64947
5445
5947
8395
14779
95876
73722
61559
70237
9485
34392
21629
84639
71810
29127
40007
71691
95481
44420
60218
49862
82919
33896
16197
20070
87900
6079
11271
55501
65964
42013
17455
42434
9452
52855
18670
76824
904
37004
53299
49946
89997
89433
75523
4805
58270
3860
28216
86827
57475
28541
38174
44366
94529
76779
2888
16579
67963
85418
62439
15368
28929
18125
3188
43881
54488
96332
94529
57747
44472
50611
95491
38392
86296
84696
97403
35012
96904
30128
50771
78166
97008
15091
9055
22268
29041
82001
55437
57272
6054
99488
33264
72896
58731
94279
36841
71744
31149
67956
6448
41347
66269
12273
48502
21733
56419
91453
69156
57845
43604
20195
31016
10798
45129
93751
25335
34652
91437
58056
32591
27722
85648
2470
31737
76255
18175
58968
45243
70165
88546
93465
72722
45747
15887
25323
85717
83114
6018
37347
5420
13721
48978
43820
57342
73885
63274
4122
54067
37546
26775
89998
48689
60504
80497
20521
92110
40213
97114
42203
78234
53925
98875
71190
57197
84545
6368
54387
77615
79334
68725
49241
85390
95448
47063
56514
14209
97155
34276
51606
82824
54877
17434
6869
61160
94246
77384
56582
37695
73571
64959
42487
32924
2966
16831
11386
24626
45337
43237
27767
46057
69047
99774
76306
96943
16221
21914
27501
44244
47050
95662
86950
75490
74084
72899
86863
97768
80800
42060
61848
63214
29424
26593
23533
22583
18599
18829
67747
70859
97470
60259
57666
39376
74451
41840
24900
75756
93185
79835
54761
29069
54295
62102
81849
91057
17287
36143
23517
5407
72990
38608
68538
94366
30766
99412
10176
75068
60550
69913
85268
17666
39115
96486
51022
37864
3997
97951
27340
87755
21449
32524
45060
96313
64305
9172
35856
91337
59895
62368
96388
30359
4100
46644
95210
15752
28221
3691
37935
10971
32249
16691
96250
10182
22167
22722
54938
32649
78104
55909
76828
41150
48551
50281
56798
21114
44325
58882
57988
31597
55742
24545
74165
57924
8161
61993
11245
49779
99025
38961
49093
44390
54867
75737
64938
42448
78452
35178
20138
11583
58773
18450
43806
90828
60817
12414
66608
76355
19256
98421
62108
20305
9801
85626
29054
62140
20037
21308
25878
85782
4097
35162
3752
66993
40833
21400
22873
63492
55693
91298
82933
19006
34705
96960
85737
29340
56415
4963
3126
61066
48010
46975
97575
58128
98649
42198
11418
30562
46742
60448
14419
82582
61723
28865
44739
48103
17466
19229
60678
6734
60007
64379
75737
44533
98906
68276
75287
59413
51591
99961
44440
37358
23322
16296
61669
49067
90302
7072
67014
19853
17023
70109
44351
38380
36327
12921
18337
23805
50001
88621
59474
51655
4051
15030
80636
84542
66425
88725
24892
59271
13200
75473
74195
60184
60003
55407
18888
13853
62379
8770
59434
68118
6796
54797
28016
59286
88547
37839
52569
45229
76002
3696
20341
45511
72103
7074
70154
23475
23858
56095
81101
68177
44146
92620
31854
23146
9924
81214
38360
88132
37459
95842
74191
66782
85818
10683
14455
20536
11680
33156
42000
12053
68962
71665
87058
50891
96180
35872
31904
21503
55747
79201
24322
59611
62893
6141
1825
48088
58951
96520
15468
86224
25135
71489
53199
50393
53355
87777
31895
12282
666
91751
95985
78113
33398
61373
71517
21835
40047
58785
17354
71625
73176
81723
27135
79667
8081
81287
53574
9775
3960
1152
38294
47603
53425
47722
69448
3989
55546
31089
85418
67446
51967
65890
35901
64090
76581
50281
11539
3226
66638
58665
25752
63370
85804
60615
92617
80923
58982
15266
20325
33603
94619
69153
34660
77015
63294
69669
76812
93012
52731
74862
73237
35224
26033
57362
90354
45445
20019
10975
32685
44661
43871
92164
87976
90318
58138
26171
88598
13215
88942
72460
76497
77351
2606
55416
4268
20519
37796
42852
21085
45132
61915
2854
51812
22893
19567
57704
70843
51585
80871
68051
41687
59865
40945
56211
17027
77192
86355
23330
68920
78803
97385
62514
31554
27258
69559
34116
41354
47543
75041
62084
40375
87221
69178
92349
56622
42658
98611
7629
90410
76737
20021
37497
90888
22963
51644
12344
30952
25285
17328
52901
14085
74155
16445
59228
63010
51032
76515
131
79853
52016
8476
72896
31525
57000
10695
96012
1530
56293
550
10283
18981
79030
27675
25575
66722
6389
38724
38461
28108
19985
90346
84177
47541
426
70505
15843
85416
72019
62691
69623
1498
67891
90519
91058
9303
71357
21251
51573
96761
78029
8560
71544
81351
64035
56665
93483
12491
37910
29561
24584
32085
43512
87301
71351
97961
93411
11762
32936
76134
29660
92978
79876
92159
14913
9712
94903
37159
1924
63291
86104
46859
14988
31761
70389
97162
93935
84343
65581
20381
38938
76398
89271
18007
77385
33436
94076
9005
13574
49288
5827
98120
49226
85282
55191
19084
66777
19253
80782
4251
72676
90019
45080
77079
64711
44945
75217
61978
30978
1292
58486
59802
94776
48660
81021
74221
68018
72354
8443
37575
22321
31410
25176
32808
22669
52186
34212
40109
68906
82844
89119
58145
29040
79762
95353
84957
82903
83812
38111
81288
801
51422
54003
59331
24371
677
51409
11489
45734
84231
12253
99315
37427
56809
68285
69296
54852
18064
74163
8712
44379
38090
92702
89731
19827
60241
95086
30934
40017
43063
47119
35350
16170
63089
54593
71054
11661
96915
37334
30520
25376
65386
80723
29668
13306
76691
78095
75182
28638
39835
29117
10334
31783
50238
9587
23407
31907
42286
65444
13417
88996
77477
85369
52030
69526
36514
58701
53817
28976
57846
77387
41329
46166
38925
55862
1642
88058
15873
40888
87360
74195
56688
57825
51959
74674
35425
86276
53184
2575
99269
6511
26625
74348
18068
32813
3275
94758
15447
13741
60429
41817
86449
73479
2921
6724
43484
11853
87437
36459
38104
16667
93131
70993
16329
39026
72652
76927
48992
37035
54623
60709
7001
35962
44750
33969
7929
25273
99254
1052
17463
10299
39779
54851
63498
44882
64432
77061
40852
39265
37718
28153
13249
79169
9732
16055
71092
48375
87173
26368
1634
60261
70872
26610
56544
12061
27933
80101
44667
20805
87566
73562
84355
98807
54961
6655
15433
21761
117
4567
77120
4682
99347
39705
6714
59991
35119
38214
16796
96332
2011
98268
77159
73682
44516
966
31992
50732
64741
19478
3461
44064
567
12902
46575
17333
36152
9268
43061
41230
38152
47074
68309
52414
51570
23595
38494
39061
65742
68744
31914
73615
5176
73761
34254
48829
37822
97723
83995
59429
11716
91007
71100
63105
77691
36057
94136
47142
80394
46693
10787
55946
99514
56141
48336
17304
47108
48037
85544
7231
23897
70980
75559
16735
56340
71279
92119
27166
44693
72347
53527
5400
20301
11491
90947
74252
15178
69779
17838
88951
29019
76293
44864
82702
69765
8148
3300
65510
71716
42846
19149
76756
43842
88662
66616
99824
78691
41864
88481
69926
89816
62151
30934
63334
18145
56737
33707
15560
16709
18713
99636
58010
94921
96983
17087
86116
63904
11046
9156
29290
61837
46156
83260
41498
81838
80694
45335
24925
30201
87362
77544
41758
542
81492
3773
37386
59928
85548
43914
93958
69676
52541
34305
24888
38541
84944
14146
25622
2698
66118
5469
20557
96586
86802
83841
3194
17284
44145
93426
96623
48074
66559
31508
34054
82471
46886
24804
40464
30115
24114
96944
45724
91898
80070
1262
65932
88601
59591
34280
50168
47260
55102
64177
67246
36130
81393
31738
44392
24463
14309
93991
21691
64371
56755
28557
56910
51045
37614
11234
68452
29269
86649
31255
49866
69292
22276
90919
70149
35551
45873
34915
65681
40030
30647
67306
6929
8800
63723
3233
78354
43287
88005
20231
76539
36379
14155
28869
63149
9921
47681
6675
96694
23710
90003
42342
84335
23961
2957
88884
28218
33525
88888
3124
77647
22363
47704
58820
79369
46797
33383
97066
26348
442
89687
41195
50145
60515
69290
46088
62449
74522
80804
56905
84004
807
10349
63109
47516
61665
42062
10060
81409
64691
16688
54705
22704
80990
87166
77681
60314
11143
68742
17083
7787
7008
85613
32381
11810
70070
69449
26680
48394
56350
64233
76228
41366
82390
61558
40559
94071
33162
52909
38271
42595
81075
62968
35053
29844
77563
30631
27540
54960
51586
6859
71550
88541
68088
78203
24041
39433
52831
19770
61543
65143
96023
75259
85143
53276
98235
23316
80722
28360
78415
12642
87627
62078
89793
30360
46811
76772
91499
60703
7728
62546
74604
73890
304
14389
23255
75434
1365
25417
23039
20851
32123
54866
73172
27491
35547
19555
58344
65886
26069
11301
86552
50645
17083
25776
45774
46642
51278
2790
32190
70105
30409
29877
64623
56077
99468
38047
98309
61539
52965
6281
11254
4851
86071
46796
11191
17316
3051
11076
8972
30471
20598
24291
50594
6972
13376
32570
25275
18896
67613
50297
97860
50935
32352
7223
26069
2013
91692
94361
43050
44026
60293
76111
56594
94021
37486
55295
50059
75741
70595
56995
51352
13443
77156
83569
51678
42520
22012
5547
78299
87762
82854
67494
22408
38175
43930
76440
51107
4328
95604
67369
65605
45734
38047
94550
76187
41404
56272
83387
91938
88566
52611
64015
41809
79996
51614
48065
52617
78402
42909
12208
15016
69042
42250
40315
31236
23071
25314
53765
44731
7658
1453
59626
79177
14100
295
92106
41090
1519
46950
67570
68305
9720
92730
31536
64896
34956
87018
43775
93513
15478
31574
54724
77829
32046
73972
97433
59553
55002
64938
70202
64938
65231
20364
2774
15211
1587
12926
76641
44984
91866
81084
58507
21941
88952
56549
431
47226
23219
89133
87347
47646
24341
16200
58500
7248
29978
3228
99132
67187
83001
53580
12447
88964
71687
829
15803
37529
35578
56086
833
77631
1239
86789
1264
73850
67671
5331
66178
98045
7572
79616
6283
92608
99675
75302
53000
6739
31466
61089
32429
14501
20456
75958
45224
37276
99371
69082
71697
54534
73407
27637
89322
11900
75770
42655
18992
47477
61356
92536
58825
30443
67971
47256
26508
20704
53903
2493
47175
70532
72800
8225
44238
59825
95663
67255
51134
7559
64264
99949
22818
22945
39195
61712
26774
54589
17274
92137
99419
59174
11600
18081
99784
40088
29657
44864
51596
4960
53303
44458
62271
56531
45595
25296
31745
57686
88342
64199
48639
45746
46972
79587
55049
48935
6119
33317
60649
66817
95544
65396
63580
13828
81326
51734
87745
30801
845
4267
99429
59930
25790
31502
77357
13039
22589
39311
96125
23209
93020
73707
43685
61083
19192
66243
60448
92831
17716
63304
3553
30285
36964
40794
24898
11888
58048
83478
42983
37783
11525
49583
83116
83861
64572
52487
8871
13004
62433
30376
45457
22313
39205
45336
99312
6029
70159
10799
55888
74023
70059
6822
68473
87672
21723
86904
61359
19267
74526
96041
99771
4984
85549
34294
26671
90181
57798
82737
80881
94848
18752
82419
82048
6738
37857
32117
63950
60350
61369
34615
30673
52719
41770
94464
11799
43651
39921
7957
22932
98026
2927
48204
28852
98016
49133
82138
80720
90644
79909
10999
66005
47916
6421
49707
33672
3919
76614
31224
14402
34399
20661
15263
51650
43333
21420
84718
46072
82758
80129
62658
94345
16443
54170
97566
44099
43036
30828
85215
61811
79292
89443
37352
15614
96998
49875
33526
11322
88733
99717
58542
37547
47931
30438
51681
84200
19444
43578
3228
27484
78440
29117
27443
23237
1142
58774
96768
54485
55586
81614
50468
47377
51923
61579
58140
71716
6775
35604
5465
54446
737
81853
27572
68517
42517
28363
38813
3582
70295
93998
61818
39193
79305
12737
21312
70310
80554
43523
1022
66894
37604
76515
66008
99570
52938
30800
91167
14784
6956
26392
98595
78205
76165
26919
46076
7277
56585
44777
53165
79746
2126
5601
58866
80862
70272
72223
50541
64234
89141
22528
20795
45746
55361
79510
57524
6634
12591
32398
60640
44601
75807
80199
45279
24616
73453
77449
70233
19490
34910
6916
74076
59088
88714
41905
35882
32797
71762
59767
92601
58173
81657
14229
7593
70387
64084
69143
94254
45055
62626
57707
31224
50778
17138
56863
21908
85751
76390
48655
76679
26690
99510
71722
60217
27184
67440
65021
91243
5860
19865
32081
45728
30729
38715
64766
43135
74404
45413
63044
80073
19689
61008
36435
85320
60126
55357
7743
82300
42996
39982
91225
88724
45053
87143
57858
38267
29801
76068
25221
98646
95630
73227
80684
6649
55311
85306
38218
91114
15626
25508
44906
67537
61007
591
35826
36041
28444
43117
84914
76579
31408
69581
57308
5483
92302
85871
70925
31142
90224
20709
23225
95862
54298
72023
85650
95557
23111
40625
47550
75799
68955
78171
46896
64546
73483
22032
78196
98115
48447
9871
73475
92625
69691
74716
34575
64812
40088
51039
89083
72154
8761
53326
67880
71003
74895
68589
42414
51665
5965
28157
8493
9929
48100
99635
73652
28012
9754
20447
98689
10099
52526
2478
32840
52558
48550
70741
114
31709
25686
29236
8240
23817
91884
20717
40189
18618
67567
61814
40563
43381
29609
64469
26798
40223
74114
22152
4171
55640
48382
53120
18264
12679
99243
88907
13346
81462
66077
432
97431
76665
97944
97680
90851
37292
38597
16020
68036
47830
27717
92892
26152
34992
15942
52953
12712
45308
63171
82405
29317
72416
67156
65025
56609
73799
80057
10996
69591
87581
35734
61037
88481
81823
5076
11655
3912
22175
3310
30659
20047
6978
62968
20369
50372
57277
47835
48883
64818
33640
6836
71679
37373
65991
87845
71127
53060
14288
61724
86435
93287
78697
448
41273
24273
59238
3946
9143
29843
81640
38394
27114
61961
50960
60703
27098
86455
50372
15343
24945
29037
40549
54076
70707
44880
73575
47487
93975
44628
29116
66070
46374
85441
5132
36011
77359
54809
3624
9695
22219
87204
52367
53731
39223
39823
89968
20209
8766
68329
24356
3224
25833
41091
58670
86832
34831
23951
36270
54352
43681
56589
12452
73066
43505
54045
29397
45847
14020
33590
91290
21710
54632
22051
24633
36951
89556
65177
40729
47955
34820
48572
63780
39756
55917
28922
26800
47020
89696
18461
67401
60156
95502
98331
23215
23266
42583
60372
89149
29391
96384
3769
53818
81597
807
44970
89705
84242
82253
63595
91412
22574
30908
13361
61599
72970
82730
39973
69399
40365
69402
61624
13811
68368
23000
53988
48305
88152
82197
3809
50912
88303
81204
58421
39402
78110
80266
55015
57444
34783
98359
44525
49005
2721
89700
51981
22957
69850
56082
39621
19671
46740
35850
77046
99224
48573
73676
8828
51847
14853
55767
68351
91281
52855
65436
35109
31152
23999
26588
99359
91433
25525
14792
64469
86112
69
57943
2024
90666
46396
3129
2379
37680
34796
88967
53657
57879
8403
41190
71341
77914
54799
90283
29189
24032
12056
82792
50781
65961
60378
82103
76533
42415
19735
83883
13969
36823
74627
96746
63227
96623
60300
30127
87180
35050
58948
33600
5380
86330
48378
98429
31819
68068
60824
50160
95118
89754
54280
73633
36943
29568
56154
95874
80801
32993
13533
3407
69369
38534
54549
96178
66604
81065
35753
26416
85925
20647
63793
45749
91159
46474
12960
82445
81153
41523
20439
34965
4493
42188
28448
8886
40641
50477
81107
59854
62496
4591
76766
52101
83773
43072
13528
76362
90589
57943
4498
59549
30538
47975
90475
96078
76693
30887
41450
29599
43771
61581
34858
1565
13543
5357
56111
46771
70665
62280
4680
32507
42076
85087
40145
32392
43230
273
35927
79845
34146
19281
24329
22579
53816
45990
29005
17686
52290
91183
17251
70562
14218
83786
34155
86937
34530
87424
64983
99365
11056
46321
15222
13957
48545
95702
65508
11568
3864
36661
2616
30669
54940
25212
16065
26381
34310
73021
80363
19720
62916
21724
29126
88132
88146
19421
91724
20523
74861
36710
43849
88751
90442
96671
32880
35810
79062
58319
70567
67921
43464
17454
96130
93975
78949
79509
53141
39934
55928
85036
85867
8291
85631
92288
51374
19085
95284
49580
56552
87052
61508
50687
14516
22719
73406
75595
29960
14238
51365
79384
33612
17671
84733
94580
406
12768
28335
28291
30085
7844
48624
41766
52372
81230
98045
60649
22919
47749
32217
93333
14445
56122
21616
28287
62878
4675
74451
43043
14329
15633
60846
88664
91581
40622
86360
70012
41058
51171
74112
85248
86342
23883
83887
90406
36945
33627
73499
68193
70218
80686
55092
37661
86992
28645
66921
46471
58412
57746
97313
17285
27004
13650
97741
12676
33123
99834
92315
85087
92328
37076
65298
81016
32766
48341
24228
79848
66111
47288
71055
34331
28578
14198
37945
85795
80976
40330
47701
37464
88145
76154
53474
91690
69250
11401
11748
62251
20855
55848
95892
17922
39830
82720
16164
8440
39518
20807
55856
53434
66364
59678
54259
66857
31965
75202
13128
9951
41098
45795
93985
24629
87216
88342
46662
40040
18154
64773
78482
82545
60938
86309
87349
7387
66900
77149
27623
20734
76583
93063
16910
54255
71012
17992
46462
89458
74081
89040
52778
59570
89890
96035
16984
84496
31649
74765
19482
85955
79240
89210
88151
21284
36724
72373
92371
83855
32665
19065
76036
98110
22205
52922
82851
26838
19625
58227
38165
16666
41999
85644
94287
66048
52887
64336
53653
22212
94709
32881
22972
64133
19954
32129
29434
95354
18767
7226
78694
62716
64624
96207
95187
35015
90242
77114
80757
52872
69595
34763
15876
95152
90989
99697
22540
69991
10025
66040
78626
51874
24812
40146
70055
34665
16627
76607
98176
66870
26069
21645
15072
92463
34121
59638
48153
51058
79033
77103
83513
34258
56709
69233
82691
60283
36184
17519
26384
79860
62348
53615
95592
72725
23032
16694
61763
42309
31823
34234
2545
95638
8966
1850
47923
49141
72256
54052
94848
17862
75977
33654
48630
72657
86265
58852
74362
87188
4031
75196
78719
8687
66984
88252
92516
36862
46371
14997
45875
64376
43125
72967
99552
61064
85685
26992
55259
12919
25945
65546
61446
48494
32000
5437
5946
51217
72201
40941
61750
21791
74385
9433
548
36930
36032
73585
421
60549
50496
53370
95552
81822
8265
95445
68882
3936
88911
65046
75545
88168
66906
56382
45854
6357
48169
29472
14645
43761
63027
33661
56457
5135
98047
47722
33139
8790
83422
34181
49380
21427
899
41161
58111
55921
70095
29635
29399
91783
53690
54646
24580
47365
88317
33652
41273
92579
20234
15509
81876
1867
95751
9207
60334
34403
54773
61969
14447
26139
59336
25598
11794
79390
96381
59848
98316
12972
79200
60344
18382
16728
16183
64833
58294
92164
93446
57736
43946
93770
21299
14098
62138
42247
14949
35808
73069
38740
48329
94342
48821
54408
70016
49680
77062
26259
60601
64615
6483
10457
36260
3768
41532
80369
40888
69479
53670
44507
77787
37746
73193
40748
65088
74219
34166
49740
9469
74260
272
55654
61798
18740
20561
12747
96717
57653
83942
88542
52350
86867
48373
44168
90018
94224
78360
73626
65427
1756
16645
30220
26381
78806
1997
75693
5984
21689
56403
2729
12255
72410
81702
41686
52610
87838
56222
15159
92503
8855
83922
13394
6686
84632
78336
42607
6858
22791
66919
76137
43010
21147
93035
77378
82235
63827
99387
46580
47668
5969
87901
95240
551
93305
59672
4522
22101
56406
1432
34061
61733
96248
67009
88939
79130
94255
21702
4805
32159
54983
77092
29456
51522
15254
82108
22233
19661
87225
63836
4577
74382
86012
98373
41580
48358
49225
26203
30106
16077
7469
92707
36672
7132
36977
41820
58545
69388
20092
143
59472
36183
32884
91132
92095
20440
65824
73052
22458
72939
6664
87353
48087
4124
39580
99041
34165
15265
73862
88541
760
92409
40969
95443
69211
17682
56901
48235
69726
63337
24076
27002
82198
42882
94488
15058
54996
90247
80394
6564
28239
53571
39001
62221
2384
51092
36408
8638
25414
86014
50538
52798
42894
93789
63713
29784
71274
8397
70340
39350
56754
62449
66893
58305
80419
97314
45855
23148
12551
4481
81665
38203
9985
49641
91311
61147
10375
90004
71992
51477
16706
46253
81754
11096
45462
17967
3602
8072
24536
78385
31427
57044
61448
1689
88880
73114
81798
77271
92566
28872
24985
84459
15345
26164
1555
54646
76820
38332
81879
28507
60143
89908
48372
2722
70937
40310
92855
7071
36491
52610
51478
1997
46411
27137
94666
48611
37902
83777
94529
86810
77264
11801
72848
7179
92260
4324
37175
21907
29309
31793
23763
26755
85380
58441
99462
16420
37726
41227
69552
20554
25375
14988
47402
91896
50414
98596
95935
8356
58574
9247
65024
17784
93586
44723
56895
92499
15805
5507
83457
22624
54954
32037
21992
32844
29971
19859
79346
32596
71741
26110
56931
85786
91725
66681
34119
7898
62184
71808
61383
25994
99674
95994
9200
37677
21950
9611
82122
36803
23815
14780
8755
70054
55925
66047
19128
50231
65369
94934
66703
48777
63127
16562
54959
88460
26841
803
67873
29070
88285
71339
83593
62855
17624
60639
61231
42084
29868
51596
12188
59485
25557
64775
7958
13737
62791
49719
5333
57984
42175
78207
4228
59822
53788
85437
85511
53529
49637
64718
12934
43337
51370
94209
21024
79064
65206
79350
82172
6890
56897
88676
86700
75880
16466
39041
27373
88882
22653
53576
26379
31110
27316
67670
56850
41653
65631
3145
41613
65095
18884
88740
88681
26659
9290
87062
37365
8599
53610
27476
57247
56852
75627
67974
9575
94230
20454
96998
43655
3366
58537
13600
91828
61294
73265
32264
79547
86517
9921
27195
48314
2121
57296
19036
64212
2454
19923
15871
93511
97635
99634
67285
90982
1018
95760
23983
17955
69178
11243
73593
19630
74685
19393
49908
29314
69877
97794
35885
6486
46248
58538
35586
97335
71737
56210
10728
10782
81715
81327
31458
12234
59623
2457
44454
48356
5885
21427
68864
3963
34982
57648
25677
69396
53231
94448
30415
4094
59976
82746
37608
21049
65542
83708
645
38210
31751
19775
92542
13743
75764
3378
64579
33668
78606
74508
22037
84934
9243
12176
80318
91714
397
75829
2747
94203
88579
56793
7019
2462
39691
57813
71190
86284
53177
24583
95260
2447
97169
67928
31965
65975
91308
90667
69242
25648
92259
18767
74745
29503
48593
40196
71979
86864
33543
40209
593
84225
51007
91229
832
19555
60411
21693
46390
38462
59839
73458
67399
42361
50922
57886
77146
13155
33479
34041
14021
32354
15000
90510
42536
875
55475
31109
88497
13739
32247
19059
10285
189
78752
12097
96242
75674
12720
37652
77389
9554
95182
10695
5142
88556
69594
29679
7418
14410
54986
46333
7543
42638
33176
1061
73297
15755
40061
96127
7575
97584
22449
48306
88601
38325
51282
62781
10485
26844
65858
50255
19562
85116
3918
84065
82491
52007
11055
2833
38455
87760
94229
73172
57672
82512
39943
23847
95469
71071
37012
68669
16090
38995
40105
53088
32933
92012
55308
47780
53744
25031
6396
16902
13521
52822
2853
77698
14502
4349
28394
8181
97009
94174
76032
83246
88166
28170
10761
10432
62308
98230
7078
51799
5387
28002
77727
87572
85825
56298
78211
38263
2946
68982
3434
80101
89979
30968
60956
74639
16406
91151
25581
19886
72255
7387
18782
7785
39159
77775
95839
8364
90339
45744
59120
542
2204
82644
47446
6389
390
52924
71071
19857
46484
92061
87302
92765
24360
42767
57626
26636
92242
3585
2468
23582
43858
85524
48422
18437
64073
83455
74424
39412
9215
40923
41
86750
88005
61530
31895
83845
84474
87116
85361
96661
44109
79127
81703
10112
4511
20173
37219
13475
7554
15528
47459
1981
62798
74688
19719
32169
70957
27533
81147
10580
28312
57656
66960
41965
14465
76684
54008
58244
42307
92501
10152
43633
65287
60847
62227
76214
47811
87000
45108
29388
76995
4762
47014
31628
92949
20605
94201
71703
98993
51336
86087
72848
59643
81454
25600
30870
90595
81565
46472
6307
45673
37492
56352
91642
45731
31936
94661
8181
74706
96449
7109
56066
72521
93536
63031
67673
43502
42342
87040
16369
10765
12829
78540
33802
77735
44362
60859
12186
63931
44291
64493
56799
96935
6677
7058
71036
21930
64996
60164
83602
23791
1230
27454
21744
15104
74541
97897
76459
51492
70470
96452
37852
30641
65722
16934
80260
92866
95242
30915
58873
4151
31107
90590
64319
76277
94063
76028
62636
79332
74861
69268
54264
47145
82233
8862
21666
30338
15419
74384
72681
3865
19208
73790
75241
91676
93077
75827
82291
11640
7494
42422
92337
63868
83220
44954
12834
59694
11258
41311
74390
76366
1215
56415
44993
42556
67948
73689
46788
18063
74147
83877
54030
10034
85297
6132
45713
73322
1537
80691
78861
72559
12741
60150
11183
82580
55123
11429
96095
20541
43889
96107
97084
28241
44055
59224
57249
10209
87986
53539
17481
83116
29497
9878
84315
82101
1060
65865
9507
13383
95667
95145
35408
84501
48429
72300
5488
46892
9908
86160
16679
98360
61090
47012
45485
59706
92684
52067
36312
30785
47346
81829
6816
58337
29870
97429
26192
48868
52342
56905
52381
6191
48004
21920
74046
46062
11929
33115
76906
60328
36272
99241
85187
53820
61663
4052
51813
27648
57442
94128
2303
52033
29849
30145
89047
40993
51381
91080
35799
28456
85369
68523
89739
53511
86224
55870
5964
54915
67164
59566
17568
344
48499
52813
19253
92127
54411
82056
81320
86383
54742
54792
93195
37620
60558
5771
21227
97565
15953
9984
12745
29499
38990
10377
97815
55481
63907
82996
42967
3117
67564
41822
80916
25617
33259
31902
86405
42552
75501
62749
60762
53436
43744
51244
31110
2564
87
63832
6953
44007
98887
93868
60967
69915
63020
93142
92255
11248
90424
52840
82985
11648
93103
38351
10277
83499
11804
82398
30095
36367
25333
99976
83377
78322
87245
16355
43091
55353
55928
74857
22436
80728
30181
71587
10371
3365
69851
43348
98897
98628
6089
13102
22543
8171
65390
2945
60676
22614
17095
19848
41703
42150
60246
83448
80535
80211
59852
94264
80426
45733
52424
56726
17972
70489
96457
35051
61496
72256
44172
64519
5929
26205
59941
37362
12336
32335
69554
10498
49125
37749
44006
52285
74799
67032
71391
84067
43129
37372
19612
85353
75968
48452
1630
7126
58496
16184
60879
64149
35121
65341
37472
66374
15369
13780
72893
19298
64081
79978
2369
46690
98215
19884
90364
30597
65214
82100
64692
84048
52131
44701
79314
568
34489
87142
89210
51578
57951
68121
14251
17612
56044
82942
77048
9606
59332
13248
21934
16402
29052
34279
99408
41584
56761
26437
77874
74608
48055
63453
22623
56470
47413
37590
69383
64803
73731
68859
70464
49985
67176
84485
38840
8761
35631
93546
67543
69964
13949
22742
35403
43688
3347
1365
15527
56012
59070
9912
17997
52660
38275
33010
24054
63898
24194
60666
97519
33983
33085
92353
90465
25606
30227
12662
88792
7000
83021
97622
42308
82422
78088
31219
66681
92000
66948
49552
60218
10996
81674
75252
67564
55980
65362
91941
86357
76093
8118
65632
87641
34629
24717
33458
73973
11442
5327
27756
5121
36626
62895
25441
9892
32410
7164
58069
91989
5978
75511
50761
71773
8042
17888
54767
69629
28958
59469
1282
4699
24934
5086
85849
19338
33987
37545
98664
8954
94376
83619
27381
91972
79209
32561
6835
29745
11742
44897
13464
40978
48254
37853
94114
11127
78555
57906
32865
73431
45969
29735
37345
45890
34819
27451
77298
65709
65664
98909
84216
58710
35520
92629
33802
62464
86614
89725
35956
18261
11438
27935
54871
3367
96762
32455
3264
79880
25187
98253
68266
64867
91721
67610
59695
27801
62797
36655
73781
24389
57362
23342
54486
1564
15412
76726
99568
40566
89986
95229
53186
79504
15612
86290
6987
97981
33110
70501
8613
35771
23619
99399
72445
92027
28938
90636
3268
68072
13401
59408
97199
55434
67408
75823
93143
9799
75934
7314
77357
16000
62228
37221
8320
60017
49259
84727
61179
22896
34955
40306
50188
77023
93953
50318
2276
18477
86208
46057
46151
80784
84753
87970
97149
65796
80550
26754
97178
12957
14029
53914
83190
52995
41216
39389
77274
40133
34123
98487
82644
32695
59808
67444
62150
59075
22714
24846
83412
44559
65724
10068
94819
36855
97669
71357
71085
18639
4329
92269
84767
70970
12012
65771
59686
15441
13026
35544
96182
59690
36123
2592
207
59634
30409
71917
87518
87931
38112
89133
61598
17554
18990
7926
22176
62736
22285
32236
10078
94109
86392
13975
46664
6873
99862
39195
93809
79037
51581
66714
32952
55694
73430
81051
97501
7735
35122
26682
42080
83435
38342
75950
81402
51809
38790
16890
18071
94489
79767
53602
74463
62672
6231
87751
17930
8936
114
98987
97849
87193
63620
50486
2464
72678
21837
59879
14503
96331
86754
45565
48798
54258
47422
86132
22457
55868
3074
39853
3030
83825
67058
81260
72872
7931
57332
50157
60471
3515
14100
39173
43252
65628
95876
230
802
83081
53697
99316
33178
90985
91950
11373
66305
44504
2364
89334
57798
7827
77773
62433
89515
94765
91975
78181
31102
52132
12224
89687
40880
82316
11052
70460
13623
93976
24276
96341
98139
30555
60366
3136
49251
84109
72869
40478
44412
96590
25796
39934
37336
3062
56139
99368
81367
24142
61534
91510
60879
41076
32448
29680
75761
8045
89174
31940
20278
98443
57917
69956
58362
87875
12504
34642
24561
1438
82106
92870
13765
41548
81772
27572
558
6615
14279
92953
62677
56126
68640
86469
41212
54032
38573
92287
40434
46657
41692
49567
75793
73583
20706
85271
89084
77171
94284
4695
46295
66324
50884
54472
57214
85225
35542
45836
76761
19238
62943
73556
65984
11650
50908
54630
88871
26351
67921
4792
73280
3390
91377
46808
87455
2852
60936
86772
88926
24575
86999
67335
76572
40466
86629
94808
26831
62840
46150
23999
91156
51217
29715
52772
55306
24048
7893
44598
50889
7633
88847
64285
25226
37936
85974
24042
15026
40890
2674
467
24629
73212
65032
79866
95893
94527
15791
4038
25842
8635
51875
50686
50169
92876
75827
68530
30896
35951
63912
43284
2536
90010
16032
73934
66962
4434
21670
39332
47736
74783
47152
74401
7748
38359
74149
4293
36109
12206
41793
31779
10322
20695
53984
4920
90942
1052
35151
56047
52729
89998
739
54847
51504
60191
39814
24005
40865
76655
51023
52797
37216
77639
14752
29025
13378
12638
87152
61840
34221
38585
113
39488
94737
43847
88928
20147
80986
10731
29025
27609
13261
14522
12478
40850
97521
10167
12805
39311
44793
16263
48335
13702
81692
41721
67305
67350
66824
60820
39368
89250
81463
85092
21539
4772
52110
15286
15808
82445
45472
86800
90857
66384
77531
73426
49320
50803
94362
81889
53323
40990
72534
95059
72508
77305
9667
40760
11062
82740
10126
9782
46783
36610
97229
54498
1623
94436
8727
68995
98068
75888
33697
29395
6486
64741
99202
22244
66220
98588
55133
26164
5658
11735
42933
73542
26395
34494
17028
36673
16979
52846
11488
45878
4174
76798
44255
63743
73253
4845
53767
62286
49399
55270
60824
5600
79619
89762
43466
104
23857
31428
5074
94665
14837
55370
72595
60743
82491
83687
69144
16298
18071
79549
69973
30189
93284
49014
83500
10053
68130
2705
41436
75229
37351
68318
19852
97147
70444
29079
83038
89750
44577
94530
41700
66553
76733
45328
2450
23055
33033
57272
53629
76695
62742
88501
28064
2599
46611
16069
99245
26933
14127
7215
21522
26505
22716
25635
7709
99439
39727
87771
35592
61696
23600
29539
211
24573
90092
57401
30132
78338
24878
19986
84113
65704
58210
22497
46814
38288
20836
99560
12085
79297
17979
51480
47025
76545
59674
72860
12084
99930
42378
98620
67113
66043
89485
7965
31019
64094
72116
79889
45760
89053
36000
69475
10267
77059
98325
86207
92190
26383
66938
54341
88405
96850
3656
31444
29283
3661
77697
3818
51165
79652
84244
82249
37469
49561
3816
43705
30411
86630
14845
5665
59706
90682
59690
69589
34595
99669
57384
96758
39192
77032
55531
51741
51612
6764
28308
50480
15319
88616
92123
73434
45412
9611
28197
27961
58487
64766
70257
81310
12854
75231
56483
9453
26505
12165
71886
309
95451
27779
14906
99838
32202
65507
83110
34047
63504
30627
98840
48021
17466
68242
41959
94703
83565
55051
45800
46643
94982
66425
35828
24442
65364
30702
99033
60706
20968
1528
18889
64419
53999
2903
72920
17531
27726
93917
61358
14203
22425
65210
60200
2772
26936
44598
44073
23459
27291
53918
84906
17807
53904
9458
24938
81123
19207
23752
36038
96561
95364
51690
58429
41131
12206
59720
61662
59691
15025
20547
97603
58507
46119
79814
75263
63775
93976
46413
37682
95318
39495
98484
90643
7749
42134
46061
94672
45474
67540
66573
41981
56008
65427
57812
20403
92186
10957
92655
28821
68149
50965
52864
31760
60507
19380
94133
317
87639
97863
12072
81435
66169
9381
43902
21950
57908
31055
52253
9543
80863
18860
16532
89923
54094
61241
38426
98251
54350
47739
91043
98884
62722
11315
72620
17540
11079
95574
43027
71944
72311
66214
62246
4839
9446
26352
14974
76924
51594
29760
73006
15990
92609
69309
26642
29327
95608
20083
2699
95974
62562
83882
81601
40557
93280
17946
81701
52735
7687
62432
90830
67282
68185
95494
98759
20601
56822
51577
23321
78743
36225
42999
85535
57770
46036
76944
37462
1108
57940
71270
97586
4060
37659
27665
94429
24900
72843
71298
89771
35738
99250
3394
99131
57905
8142
55632
85864
10226
72580
56966
81433
484
34073
32497
49635
1096
992
74283
94027
27817
66996
5640
71346
47326
36822
33391
14657
30371
67208
77624
92808
41408
64253
51046
2548
93917
68748
34513
46714
50448
33802
33191
48524
85182
93053
89525
1180
97825
62137
4425
19268
49473
96018
7759
33660
68804
2072
1530
8315
88788
34224
58255
68039
94282
67119
72352
36053
40481
1619
1793
2759
76492
85283
27111
89711
94873
27737
18009
52250
22168
5959
67675
2033
84269
53386
10235
50135
14694
65150
31393
77729
97658
15026
46688
70735
36973
68072
19227
1317
21476
3966
86379
65769
90357
22934
40315
76200
69793
63548
61049
50818
8661
80636
72392
68702
59447
12933
54455
43071
15769
76664
48426
90608
7599
64492
12145
18121
49478
27982
99496
20879
78199
55599
46663
43596
16216
37609
88697
11059
88345
33141
16338
44546
70199
61278
30450
74570
85033
61683
999
35572
37357
96337
149
4257
88834
53833
90567
61147
39850
18165
52302
94015
7995
85577
93646
55574
73291
93185
436
25394
39090
34897
10984
95837
84298
14926
15601
98860
98947
55560
38510
50264
10638
11501
80387
97110
73288
30920
50845
15544
2385
68360
63533
42392
55039
41439
53504
34276
43671
60335
60906
23141
19763
74661
50511
59934
75479
82895
60762
56331
49927
18805
13456
40831
6166
50187
48936
83555
30746
24427
57824
43737
37688
2670
86485
7726
486
396
943
42884
24531
42477
48846
73512
21614
66785
48188
2987
22089
62741
17107
8626
36268
13845
89668
80760
11729
75155
93785
80305
43563
1969
63044
364
37352
72321
71675
91255
682
19600
72598
57075
7630
88859
58391
42664
46559
26185
91508
4300
98137
89392
4968
67272
37338
18820
59502
22448
99372
29365
2220
4968
13565
57061
64035
75999
14376
47141
89885
87043
69026
12932
65842
70803
10710
95812
27470
66830
12456
11039
16485
88450
62849
48254
70891
39233
1712
74887
34834
84832
65583
63311
50208
19466
59800
23969
35230
95777
8689
14795
62614
33406
46890
26903
55907
68027
99148
57561
53631
10718
42242
53108
42333
32099
59826
11726
64174
14028
26237
50254
218
94189
31747
33594
10642
74518
82541
39973
23760
54530
24699
82648
28591
15620
5036
82249
6591
82721
86088
91533
19832
45996
72373
29647
35924
53555
31277
12667
18539
83218
99109
84384
29572
65175
47656
96481
67613
68498
75210
53561
55615
10630
10140
95432
47044
80838
55036
54970
5397
38694
9198
38427
82488
36903
51790
23839
10945
16524
51773
27035
95269
53895
11448
57789
96438
82550
62862
66178
85805
81279
79477
67916
76884
81385
83683
64140
2736
46944
65173
43600
46074
2727
69134
12174
46434
71546
31394
72714
98835
72587
8395
69334
14256
23624
81608
40982
12133
42521
69878
33575
45537
36708
11835
96535
99721
32320
81811
55184
76163
68271
86432
43544
51520
7666
86798
33948
72585
42877
48515
63318
45406
13297
68412
36943
28925
43098
42630
75294
37675
60064
47390
37237
59377
63949
60274
94833
41046
30240
66869
34087
74164
60254
91449
31002
75168
92659
27862
60383
60563
19879
90022
94199
44724
37105
27355
40138
41121
20390
59300
49823
42520
9671
79786
16379
42727
2520
47426
28065
47416
77974
54931
1706
2770
73186
8196
28677
48292
37911
66620
42530
83937
47803
25172
43899
17233
83583
28872
63225
74541
78642
26957
17274
52516
41235
3954
82706
81395
69072
65806
93408
66430
33742
62340
14812
17128
17832
45367
43583
24284
53944
6209
13793
8387
77252
82428
43954
55062
95597
15181
30440
82427
94911
57812
35620
53504
46171
18625
65599
66364
82098
81497
3221
6260
92998
23566
55051
76928
44714
76070
98113
58053
5860
87204
27180
2696
57584
74873
38969
50986
42090
64305
28424
79339
82955
36364
53932
1022
65886
3607
85321
76216
55423
39067
75663
3407
4125
41116
9160
89455
62241
94096
57289
87148
32617
16755
27721
59900
82298
95072
57997
13356
90948
66523
13491
50608
51821
53142
99725
14730
17322
37491
28079
545
28894
94418
62821
16002
31430
85208
41286
72170
91403
7126
68127
15357
10571
97673
10037
70172
24469
88948
50782
516
17388
63176
82573
53650
22487
42991
82696
94537
63844
53410
72288
70987
70618
99951
87770
71317
47000
92240
53577
18719
78697
59513
23128
37031
92715
21285
13509
37997
81179
48868
33065
37140
49222
26516
74373
14822
6539
68207
55
48296
93166
32523
82996
88957
83015
7283
9167
49712
80946
93768
98117
25861
36474
42138
26077
48295
69316
44346
40028
41317
92350
34233
6397
97606
81385
46387
44166
66447
94677
27418
83147
46293
22643
97271
25752
30506
18949
13304
48388
41582
5483
63877
98891
75559
90330
50386
90133
61738
64635
84142
51212
15271
21685
90434
47250
491
60760
68879
20405
75657
59142
45029
57478
1127
88204
22555
56579
23160
86220
61248
9201
40929
29767
81094
52014
2004
38093
3679
38409
317
10591
77004
54033
38235
51294
39410
35983
34270
57497
34421
89764
48830
62380
29082
1433
55564
13821
94770
76790
70337
83285
89815
46663
18633
74671
3669
68203
28744
54693
64604
24508
50927
56919
91998
92359
32254
22297
17854
38630
24659
81338
32416
31659
24123
18951
3478
8927
93850
17420
65515
71302
81004
73994
66440
14733
52719
99212
67638
83561
26852
71326
47669
21632
42215
92486
66663
23629
84110
38163
60184
375
27042
79265
56790
7358
1641
83608
54260
63684
45022
59737
91658
25191
66330
65305
22897
42335
89598
24849
28028
31472
73854
70445
8903
13373
70211
99729
30679
41964
83304
12686
77306
41875
34916
34179
17722
35132
98653
37237
37669
30864
69926
63603
96532
66570
4763
74172
70541
40517
16199
57831
16753
71509
35992
42487
366
4593
63553
21145
29645
6772
50900
41760
35780
95853
83438
9456
79745
47386
62893
40086
88828
15506
94016
74461
81395
82558
85747
70870
18319
20265
4801
14632
87646
83677
74337
56798
19277
67278
69943
64508
93541
95560
68400
29505
38398
3533
43849
46285
81934
51680
84516
71274
35901
2546
99504
94399
31688
76580
18512
55815
84347
90609
60963
73591
42738
88265
25076
91574
71902
5322
88217
67501
94582
51165
58011
65220
43795
76196
61081
85789
803
47292
14324
65834
65303
16797
92588
43396
81660
80086
16081
52210
22738
75388
40325
45911
75798
93138
55827
69043
1761
84587
38945
79781
70510
1440
44143
6510
26399
16801
98986
2392
75200
60551
22845
7466
37520
9395
64373
19596
56755
46633
96844
84076
13220
18978
3633
86632
66683
38525
45146
66218
85681
32484
35450
72108
5747
60027
87558
40591
57362
56766
11723
81112
92711
83025
59602
62062
1472
52557
43236
26240
94232
88986
40324
6136
47542
53016
10199
27905
4626
85754
23075
12192
80531
37626
64419
9621
24652
23236
34426
40364
61220
2612
49230
56927
41676
50427
99284
95436
85704
1272
5840
3226
94493
20636
13570
90656
79607
84953
90459
41323
61661
40179
85445
96656
79514
74244
59209
12408
49652
44107
95902
94387
43474
82825
42690
7249
1871
98696
76518
46705
92179
50445
83214
56102
97295
55636
6437
55564
90719
70933
4649
71
6445
26775
87833
23341
65295
5840
861
92387
10809
10761
36553
3758
60763
11179
57594
74870
83765
36705
94216
51815
9900
45316
55377
37804
98601
37737
64361
45765
87923
27097
56186
99529
32934
5255
99530
37098
73276
55145
18491
97157
94889
7040
2648
32795
86565
90256
64319
6760
8965
31169
75251
42174
98746
48028
21465
18713
24168
5662
24093
60792
37694
89514
78901
62087
460
76627
83621
50861
84857
67303
90446
36226
20187
56102
89370
31875
39500
86576
86641
48451
54482
2619
570
66429
63646
29093
99225
84583
60373
92569
40720
35503
14806
929
59521
50594
85053
76124
77313
51139
61219
57028
9292
8284
30158
89005
50073
54025
2220
17578
80388
12262
96418
77693
15157
50309
58563
10283
63631
69225
69405
48074
51352
99731
13715
26294
48224
53452
19752
42856
93249
14302
84898
71957
89614
74394
35528
98516
98376
49951
96832
68981
36394
94597
53586
45797
57137
44436
31812
6873
48141
16962
89772
74769
52319
35379
96101
18317
85518
18771
86106
13638
4824
86021
99094
60176
15528
62963
60876
17644
99554
60454
52494
2323
80975
17120
96885
60482
17075
16110
49338
15216
1211
38057
89717
36945
93621
21292
78890
56086
77573
54243
10687
71276
33053
2568
38235
52406
68598
76060
77492
81788
67189
26788
95017
13432
76427
64394
25915
39003
43936
23528
20418
98181
42718
88859
10681
30339
62571
2163
50026
33422
1589
90851
71870
55241
72455
43634
12031
36171
20554
34997
44868
36010
48260
12811
56616
11190
50148
83294
83252
16687
7960
17416
90875
53441
32084
18791
6032
93540
93489
31650
6798
75731
51798
55606
35649
41257
93563
24487
81020
70457
22870
48980
10741
67993
66658
79613
9953
26047
85554
45096
97596
28427
42884
88776
98183
48073
23501
79783
1005
66028
84003
51574
48557
81041
61328
70745
13587
71809
2860
30643
57512
50832
14632
96499
48768
26613
21745
58238
56294
20937
33513
12881
68181
61154
85517
62439
34951
58586
18405
78947
94331
27300
2527
78140
9219
90718
87361
40390
74852
53669
97977
6296
43964
77369
76780
56188
93758
99117
24722
19111
34398
3680
7719
33736
21410
51323
16663
28931
75542
98139
53322
96177
39470
74645
63916
37118
93052
74476
10491
80073
4224
11759
23171
41722
99111
12608
56704
11154
77896
54341
42231
79523
77353
15483
26882
31049
42520
25581
61904
12939
19159
47053
29389
20879
34769
94668
96728
78699
80754
86675
31651
54801
74794
57140
38293
10658
25082
14537
80162
99896
87486
92630
63227
21087
97794
59098
44
18002
5770
13147
71407
16680
61736
74282
18735
21542
4955
34123
49871
63028
36430
92133
51905
13210
91253
14027
17758
29438
74760
59365
510
33967
64258
39750
86343
81891
88226
39750
13874
89413
68364
57220
94144
31148
58398
91395
46330
64613
80586
4337
1947
6998
24826
99546
39677
34316
29746
28293
96694
8061
4012
74905
81804
5388
5070
1986
32435
68000
40964
26252
43980
1039
94495
65842
3849
48766
92577
69768
11252
87414
5902
16835
62291
48135
78215
56559
99514
32098
49317
47934
95981
46289
3654
94138
59434
38260
11659
74475
37439
2702
14732
40482
28730
23049
46002
21814
47125
74490
91822
23218
46038
34247
29606
9879
81990
50207
61476
86759
74578
1214
50578
83099
32645
37335
52369
71790
11512
56370
49306
98793
15371
94315
29225
21232
18727
2592
91618
176
6660
23627
1726
54584
44722
92405
3523
37292
8091
51476
61261
27688
39928
60860
56720
12090
62742
20669
82253
7666
21944
8159
61092
84956
10231
69494
2527
1775
16042
67413
47801
27508
50826
10202
16814
89707
23248
43411
74358
69804
80398
35358
99046
79044
67373
34194
86724
16272
54370
16757
59314
10078
7839
6878
98600
71209
34683
32331
32107
63380
73401
93115
86441
33111
28402
64296
61325
10057
96305
18768
1243
63877
99797
95580
42033
77800
79190
50268
68990
81854
56753
42423
81920
50462
37264
14140
59524
64417
78064
47686
31107
54062
40330
1012
81323
14004
27734
72474
29875
13987
1368
45851
97872
46624
49805
24464
12532
61216
2353
5873
20683
23973
12659
10896
80901
26665
525
42109
64976
89493
19945
83049
32029
97874
11054
78103
22957
17564
97204
83069
85918
63154
6656
91520
89462
51949
79221
29839
83554
55873
84204
47328
81274
42046
9061
3563
18390
54562
49305
15450
65522
98557
24257
36979
83585
57214
35764
98050
36254
68112
70915
83818
46279
20038
40102
5435
33196
24413
33033
98174
7567
32888
33923
54497
87442
6713
11635
51408
6303
32132
78414
44759
63935
53509
28903
97685
18254
36767
52811
55032
54744
63620
42849
7921
26459
44087
94866
16737
45646
58344
30260
31275
30043
79836
18474
80028
53218
61820
98137
33575
99646
61430
4294
29449
87873
20531
69316
72890
21993
75493
47374
48666
1261
28681
54377
31028
91444
13375
10203
47803
65009
25324
38027
3867
59628
75699
11140
19091
97350
50588
10508
93440
41591
59971
86879
71621
16068
23181
33148
29654
12860
84680
2517
62834
99417
92862
81167
46135
58229
91729
98628
72231
40896
14034
20592
8169
86706
53476
27790
68483
12877
31434
89143
15756
20548
24310
39020
93337
75796
82630
54137
92630
52576
93132
26207
66224
86253
50711
21725
68619
3042
43742
60981
17857
13380
26721
63691
44930
24968
59604
87293
12086
30453
36278
50659
88176
51843
90274
10214
62140
83172
61940
65624
41912
2558
49993
48349
22214
32966
33834
73248
97081
90503
8519
85686
72589
85186
96833
2224
19221
43425
12704
71332
80867
54940
97260
46150
57670
99539
38376
91704
48426
24217
72765
89691
32367
783
4436
88677
73042
53894
83872
51371
67195
95113
86635
48194
42411
14948
40553
84571
8305
31246
60922
37637
54313
44554
54289
65285
66653
42595
31430
3357
20308
48285
52896
48669
12378
28022
10222
38213
77895
44046
35198
49735
22257
79065
10883
13615
6406
82337
4060
7989
1100
40700
27208
4588
91354
63116
59946
7357
24564
50600
36160
84693
80252
43404
55574
77500
15955
20735
83711
5015
38272
79593
27437
49147
9157
86723
34144
4393
42465
27132
23232
51803
89844
21333
68260
19833
13009
93081
66980
83183
92481
48168
86101
89933
57159
61747
83102
13779
43593
26841
96657
26814
26900
67425
6902
50654
33421
28388
97384
33324
27582
90097
93696
41924
27271
38303
60548
37168
36669
35798
24685
56756
40830
5382
19196
39749
65944
82685
89395
31936
1911
34047
48039
38940
45216
85247
51198
57481
5206
72702
14025
87172
68618
62558
69431
37888
65970
78758
69106
71939
66998
69925
99703
20733
44582
42511
87811
56914
68850
94698
96977
1139
10298
71839
28402
70659
34764
30361
31499
77119
31442
53287
84224
1543
56180
95326
33096
90306
73412
36603
96733
39757
702
65021
22877
32293
27077
74166
66768
75977
33420
67770
14609
41876
51897
90604
38118
95772
74585
45662
26006
79092
37820
11117
55046
64372
43908
67627
47064
77119
69340
19555
85851
68763
16004
16001
48678
76374
54075
89331
653
2499
51545
5486
26684
62589
42536
57732
14381
84598
43417
161
97708
84372
2793
89408
14461
50442
63285
89761
83200
5989
25414
26182
21102
3326
22981
56969
53798
80683
7430
45421
26697
87297
55950
53981
89678
96258
49970
94907
75274
65529
65006
76292
31311
98715
66106
66000
98439
32105
43396
56205
88336
88866
73720
20085
47888
50696
44646
15305
19162
36918
4750
90610
34147
38752
87815
46366
1640
6215
11066
73950
49020
20863
34677
58253
84387
50644
94785
86689
38204
54513
41696
4549
60627
14273
15582
73081
58644
74333
59586
48512
48099
44468
81386
39186
31562
96448
52511
1909
40218
70204
60687
91934
13827
87266
69665
95472
13691
90825
68309
13872
88645
18084
94194
4571
55764
40596
9453
79532
57234
51885
97537
76938
53673
78015
76406
69091
39160
97178
25394
44070
72527
58282
48879
28188
26561
34482
44333
72204
85743
15789
61426
80313
99533
96035
13018
46548
30137
63760
90142
19482
74485
63897
58834
73028
23895
47351
71093
87798
57059
71802
92357
11018
76713
35056
3777
32191
41198
75979
27792
10231
38015
42222
58099
41760
63215
21062
70427
75672
55884
37831
39472
70349
83245
60017
66209
31071
9894
15070
18221
70585
4417
75910
2502
30213
31707
66277
46626
47052
84746
77116
58110
61860
10433
30207
42654
38136
31687
95254
23673
23176
858
72072
21271
60284
13789
7418
4823
18845
80162
68886
48041
44687
52480
35784
36881
67763
44142
4213
86685
13244
88011
87150
32701
24197
83928
30159
86064
52125
85251
10090
71539
55072
59156
83188
20852
18243
75910
89011
65404
39306
89120
63081
8509
39015
70558
26330
40339
33720
55893
63237
97481
67917
23902
93418
26338
40421
20743
94673
12593
11204
88817
58778
46087
94475
21694
85261
19959
31466
33576
93397
79650
41662
34927
28500
19854
98399
19465
99837
24145
25509
23525
48056
48563
35325
9691
14495
88983
98032
26533
90
15606
14945
61343
56865
24335
88865
14540
1565
1337
69804
39773
72680
14621
7852
27240
35919
94652
17699
74016
76201
94449
56697
38153
79991
40216
30803
90280
71727
70396
50794
42029
81479
68945
73470
34899
23379
77819
75687
9466
19864
68019
20868
5647
82166
6806
37269
76758
2137
44674
37220
34929
41965
43667
72574
22401
18880
58737
20166
37765
4527
98246
72098
46714
55272
38755
98741
99221
20993
64018
38691
98568
58612
17432
92714
21801
5873
73758
13030
21021
47165
74407
5695
77790
65081
68991
70487
98169
58822
44375
14081
75305
11143
36151
57466
62548
1526
84083
61103
99239
27095
3981
73132
77465
10066
89352
89716
96809
46111
85606
1555
15995
46229
21101
28937
44332
10255
52930
76372
33187
71984
49952
22531
71729
54915
69105
36598
19984
45747
14854
75235
27336
3837
77821
18845
85945
39217
87518
44208
78287
87939
63698
37941
60935
41395
26519
46751
46795
95482
49487
77159
81291
4761
81964
59465
76329
38285
37597
57582
22745
56276
2003
58691
14799
40864
31908
61753
85619
69526
96792
99648
60715
52751
30441
3114
61281
52584
26286
76410
24285
2717
98181
33865
51814
84824
32387
24684
76938
95647
55886
64085
60405
40326
89811
36653
65579
11373
56152
9967
28496
83422
20940
48661
74518
63169
59788
59190
28203
73289
25238
10410
65397
22252
40577
88654
31566
53209
30120
57793
11263
36711
85144
10984
27038
79987
58850
19784
63803
71748
60345
99905
14906
57614
87480
16723
5861
51047
33840
8464
30748
59409
15806
90461
29160
10392
48380
97149
65055
46889
83154
69860
56617
91101
75858
21007
5803
397
39301
6505
72532
53462
85240
20465
96755
2251
45953
40781
96226
1650
18334
70956
90465
84662
8
51285
86737
85935
96144
45159
2849
61829
11191
58863
44181
19598
24419
70897
70384
98545
48215
49066
86221
6433
71537
98569
74963
25917
61825
65005
96407
26649
91796
63979
58173
4550
33203
17006
18259
12792
42315
68902
14225
11595
3485
55609
67416
88855
17404
60667
71514
70562
3475
3841
3705
77058
66474
48851
59180
46457
91926
57158
53658
27358
4842
99953
29107
216
97395
93728
79737
84304
6243
26417
28202
88322
86756
74994
7441
38522
4871
35146
15987
18510
24868
75165
80035
57000
46866
41853
17023
60611
5689
93182
60624
44180
88727
58890
84480
8859
17483
95587
46301
20189
11011
57406
73794
21340
78442
15483
58682
90654
65423
19058
1038
143
98052
59210
80305
22641
4848
60886
23115
65589
93212
99478
92356
93074
11815
77701
94014
69354
93818
84813
60838
8164
68374
80410
17462
62501
88884
45973
11293
22308
61490
35057
28574
29712
76465
20615
43821
4416
72619
57981
93185
42750
22691
19975
16098
32504
61690
64224
74956
82013
7705
88675
23093
66021
38013
20448
48362
55394
87004
68999
25848
39193
17303
6436
34990
17273
44037
79622
28948
87006
4682
2504
11971
51985
61324
95356
60950
67244
67374
38171
78808
69655
91883
79550
5910
21586
66199
65762
28384
83123
61201
84760
76295
59183
96159
23977
62357
11964
45064
73915
40988
23318
17923
9399
57422
27875
39459
85549
228
45889
88835
35032
15560
79158
69080
97888
64391
73943
96425
88342
1269
42368
56025
57459
5841
85185
95817
98601
97316
43004
36496
92034
31405
93942
75821
92951
39137
12009
28311
64739
71072
16858
96573
15808
28696
20475
97075
18224
9257
21475
19693
18380
80532
42696
12919
65621
23558
78245
20521
83973
34995
48969
29532
57220
49808
66804
74580
80569
74341
94264
94407
8534
89268
52763
14722
85443
36547
78762
91935
19845
59251
1568
33940
77874
53303
28634
80418
86593
61132
24210
99251
30547
95100
53627
57608
51356
82028
8530
1886
96082
38258
81719
46692
83493
33487
84803
29918
70527
36422
47765
81350
51711
98599
44769
11672
94101
48708
96517
14168
56384
67389
66118
35549
35035
21220
93054
91720
20403
47925
18635
41605
55981
87820
40898
36200
70565
14752
66691
98972
48798
44670
68729
22153
39667
52239
11350
67890
47395
41557
50356
22965
88867
81283
19899
63977
48315
51340
78640
39497
91367
21738
10659
47120
51518
46319
59164
2598
27349
85716
23944
17626
57434
4621
66822
88517
62049
10341
1460
25801
87587
7512
21166
3244
81191
61749
34595
50160
12485
83550
53156
54269
18044
23701
58550
57984
83216
36599
81347
19128
50254
194
76704
45704
82347
31199
14575
99552
60683
33598
97895
61452
64243
99784
42666
12260
73101
97920
18678
64939
79298
78355
61062
20624
10974
22761
88364
57187
43979
78433
29183
96832
46563
3286
3475
74767
55760
28118
81887
88709
11624
3
6072
7663
9148
19203
30115
65074
9849
80709
18579
40074
20514
37218
91140
86173
80093
61606
942
88123
85261
73210
46147
35404
84442
88873
5961
48911
94859
20741
4651
58130
7208
30776
1834
46693
49680
79952
11639
33858
68706
75203
80516
76853
99030
95604
37334
56425
11177
5704
56112
85518
54678
5985
59676
33418
52830
51313
16087
12249
48571
39005
41908
9178
17968
69023
37024
48984
47035
69621
62245
86666
57185
17622
74485
58896
7502
3372
63945
5689
12049
38857
70049
81522
61264
28996
70488
28245
5679
73512
84551
63327
75023
26080
34429
80342
36528
32257
77955
76601
65834
91658
61928
42907
6357
20460
62003
31014
53554
1740
95863
49414
50619
88762
79589
68721
99864
51622
67796
64831
32324
6649
52107
83406
42677
3798
54552
75900
15341
30436
81273
64945
30060
68583
29216
40150
36308
14731
7884
28582
83187
69573
60711
133
65453
12510
75413
2105
76016
18473
44893
83161
45649
65398
44209
81606
33342
12307
78175
6103
31703
44253
49093
32137
74433
9158
70909
50091
67664
45491
40999
4698
46412
44022
34338
22074
40999
11986
