517245
837322
647177
74033
202604
155711
158979
200209
389430
191852
81775
401640
203761
789721
341414
560137
61044
719599
455646
775979
412306
673195
384345
707639
89197
832147
871723
833120
469053
979563
761402
883615
996423
164592
742185
305883
987281
765079
671275
561450
954415
117411
621506
468415
591069
631869
858592
759176
173653
705213
61021
73410
39516
969564
489152
178978
760564
591181
362505
494787
734153
446064
222849
642241
929045
4
183158
79223
969758
104819
639331
917999
404007
747701
367102
169727
867648
958674
145007
911797
897246
268037
941175
802084
466685
629939
761992
119041
332871
65027
585614
373193
604578
729998
981750
354077
844560
190639
560131
739366
258591
850560
624359
283972
788398
776114
328123
228992
636694
985229
316337
535082
21422
541939
19921
818735
406676
73912
569463
279836
667278
781425
664652
390891
575072
705200
118920
151043
525885
367395
605738
142943
795098
380390
849468
819542
659389
115554
754558
736
172432
762285
501033
266272
641869
587277
441150
230349
515265
833070
639554
380231
677869
459922
799351
227191
896241
505280
906869
56346
898084
170897
91548
136151
228351
578218
353678
398046
827597
85317
85440
451712
642381
231072
931402
405673
556085
576180
382746
651946
77202
53937
796723
220511
10126
989452
711382
733238
219222
85439
491708
679296
894946
726453
534972
123689
486475
467899
352929
40392
201408
575676
395575
990259
702585
979988
888483
657042
891576
216399
408857
10918
752922
728990
450074
887668
297075
41231
923895
721909
526010
679808
469765
575234
218389
636268
238665
746793
553008
613968
463245
605945
927546
806812
933136
289929
399847
435966
817155
102990
117981
902337
994574
68416
814087
659212
204510
756663
584373
118849
94450
192746
915952
374747
193840
268621
804887
154623
8804
428163
647044
175598
56179
342563
539662
565694
716028
399168
658451
890789
7435
557622
85745
2833
372493
571017
683616
732146
691000
134624
656102
65277
725405
976489
440310
528239
859480
439644
528114
400326
483224
713428
168357
555220
395921
294339
825871
950119
656923
122724
112565
871469
599812
214961
719308
669144
19768
971335
444313
733839
207090
765467
842551
886398
403491
879197
727015
376029
109853
29967
560558
456115
319611
762803
393227
523165
840169
188422
836094
146782
619083
376069
276100
388404
346835
435389
785065
586901
918427
949634
450572
742958
703776
236042
852653
865345
869026
339795
960447
492121
660342
753914
201236
575932
671371
812535
43743
975910
24170
870994
715191
855169
285651
734409
550242
425848
659283
589100
487424
148096
513004
115501
333279
132468
366286
545180
567860
929912
334836
113772
556983
245644
263640
246868
502265
798196
242630
695183
615812
206087
530450
126431
978046
690608
233199
341079
11766
440846
551669
224280
249914
579583
322240
937748
492004
291241
630205
293816
607086
258352
378271
283994
135685
206957
713638
277609
198717
419783
22961
396524
683665
995809
373617
964576
404814
377522
700857
526595
91596
418058
990720
628047
375756
704553
240289
870295
424828
490278
531085
536255
664867
84279
16982
177332
149977
190343
36486
416412
570506
669273
290141
806421
206247
656977
960508
174198
813540
398284
206840
246792
289055
851100
718258
491080
987748
886954
393548
237163
257614
330815
425422
230590
158708
577683
855445
615374
27832
43527
720651
473945
781202
188706
606842
789718
880872
777457
220865
36385
452428
888585
801634
635867
430831
795990
313074
281037
999627
395299
12427
779184
925176
619871
596673
801852
650287
983058
143940
649293
193290
297077
353207
827716
270214
756451
5836
286029
197928
20234
630684
470501
256261
456185
994988
706499
565360
265691
847318
786213
871643
770431
186741
862348
679406
924653
387347
852637
63688
804505
139441
505599
71546
817330
94912
915835
362714
594520
444058
470610
673843
977735
110343
282238
192675
992512
654369
415907
146374
792460
412882
558502
566041
463572
307809
386082
44263
586581
36703
759501
979378
378460
177930
645763
121321
991169
676124
862963
1239
126270
673295
521319
864673
889427
324983
714175
503852
671635
63676
310567
150353
596197
149040
712454
975635
15047
543224
109290
487742
229961
703490
53727
179322
305898
756379
514928
115879
210850
263979
422934
451224
42827
756314
771063
717362
301226
867669
468439
762756
293415
878650
739784
700055
188555
79695
431275
44740
200518
861002
795973
446984
823842
743922
692089
560940
884417
908130
3523
502570
680632
489528
682684
46306
510173
567180
91915
722862
815096
356721
217805
805133
346256
789786
419063
111839
133338
22462
966997
311792
534856
990274
626834
346448
231369
388499
859060
571026
351123
317018
970977
420653
932891
758176
547298
187149
217448
204468
410382
229250
488202
477101
881412
64875
33223
986860
783046
49956
803525
990132
412363
969542
756691
672772
293794
898175
742916
36336
14941
115766
485439
958188
975679
179326
780519
522039
233698
877584
966258
491785
202541
265628
891638
986789
667213
56954
811609
683230
754996
198127
276461
938047
155891
246384
807132
389951
462295
340931
302654
487141
122001
779278
390427
590979
608539
242673
11239
270726
114118
405255
563590
413612
983619
905271
97999
289233
526875
23326
185632
217705
292082
223764
88109
462232
721239
37136
379325
868076
577769
132590
841705
688714
209108
732238
104668
652898
323989
258004
265610
189737
812309
758418
57668
866911
804460
847397
557849
592075
905729
118808
39091
747367
136477
193748
583289
132611
676345
531298
577670
323286
886551
875953
780542
390730
187153
458927
750159
207827
62957
340619
945473
641737
63587
81760
482853
659413
601161
942173
373787
591833
318670
271883
630538
967447
298419
735869
257182
253315
558366
787131
499421
888539
430937
803376
925572
576127
62888
144742
236614
638329
153954
178084
232289
246319
767324
494871
112596
328899
466973
674411
434587
760488
146276
652215
715524
322833
800025
364948
958576
17790
317612
272485
233940
814714
152389
956263
160325
451287
549376
766380
582417
551377
796457
719472
972362
843504
121127
364660
773813
222604
930211
106134
242059
221307
198228
937853
389105
528514
344506
933228
804368
336825
909506
688004
851571
113770
646168
565014
671750
708204
587539
958974
709780
866001
771059
396611
725097
223096
183100
120493
924454
6645
789193
536398
286796
835105
843048
420076
412095
956504
382345
84972
422972
154262
720579
321517
856395
482552
717632
452745
112210
673533
26315
689111
638002
632667
69627
617449
285161
965279
398344
298246
312128
821622
647746
96075
840408
919271
465555
827454
75001
544537
652578
566795
615542
628487
347192
832723
827218
710782
452999
981892
526879
788240
210377
631918
333123
24802
586518
843556
621558
375274
410709
426540
866774
745528
816483
146206
96564
643203
664408
35079
99312
251784
785976
773700
279715
656558
888218
217433
526426
314080
576140
577758
778110
606229
981286
905140
321297
106187
574832
521586
730670
635709
861136
101750
868359
506136
89682
168016
514319
466783
92262
