892740
119722
750782
589204
670385
553561
716298
415884
692822
40817
354917
541415
469626
520498
361052
334885
120882
927307
864919
532441
336648
117411
71812
90119
816961
659277
446348
941198
137490
520056
343419
234273
362289
657527
723378
151538
790179
319671
194922
699672
267432
892540
489927
619344
498135
751684
127591
63514
251135
196691
508985
438680
188940
175818
582466
980878
925912
970047
574387
692571
187800
658847
343718
596795
821436
930708
320153
866288
421375
782160
124727
959156
462700
392653
321456
597191
633726
121653
831402
64643
34388
73158
164581
283225
981697
726719
260419
252973
981527
64698
452589
681544
621869
181204
605245
618180
8663
801909
631467
754623
634835
727897
434958
86509
681979
286897
186727
593297
858981
266339
778256
202816
977663
343114
611033
915807
489181
326834
809371
760419
656282
961000
952387
830078
739922
564666
426296
818752
768034
809340
774872
765758
79694
634784
179720
36013
505995
717279
321300
606130
388284
660701
422387
785216
60650
741839
935073
734016
872335
774556
120817
118585
609741
950165
419776
744461
677542
396405
284744
695633
812546
90944
185304
482246
996933
669105
922813
359972
619727
781038
306222
123393
710761
88588
235738
204589
792306
741625
92892
422819
779809
110437
387227
990424
546474
715769
573006
266611
578436
484849
803208
884801
124910
262291
479222
987110
812479
912772
801946
868034
798086
766612
539511
555604
436442
417289
591112
655977
770101
957103
489281
323383
724316
583554
965671
143624
823894
717023
723054
162176
979629
804327
64307
53505
988257
466424
897889
828231
76832
780826
653811
892722
712139
741368
522911
593831
219976
220263
951565
403521
694740
790359
128653
721754
597706
231859
860010
284981
733233
212746
285649
716881
840081
887473
985564
674279
102875
567776
916238
323954
376255
833075
42434
804799
822684
448818
277405
786341
470073
92598
551698
824340
141083
921230
51938
5998
494025
843238
286420
63215
509957
381586
471804
437162
913443
285461
818196
379464
188013
579174
647493
851722
159409
562871
179780
375850
81875
727098
729647
430255
698252
803163
437755
143609
642153
152493
895791
12830
581675
624828
350923
130919
703164
526986
184872
662155
67765
709542
199860
787685
261550
807424
390975
141476
504320
550017
923872
467535
585077
658480
753694
930174
628916
887257
258490
123358
966732
36595
47656
871531
364963
320098
796358
721048
642533
862036
804945
881526
359914
810291
416105
102795
928335
826618
30993
9923
369229
181318
178559
551472
359694
443487
955035
288476
322909
407192
814448
930707
944169
307743
566800
787086
892165
15847
645336
659663
964064
978144
842451
236600
458921
218533
152656
101777
940176
835774
394488
894168
828729
980236
528982
511266
677706
778525
675293
13907
844605
845999
948618
778239
546908
588097
371602
805657
488026
595884
409107
601265
464017
724663
413082
123318
801720
924874
638843
904072
171283
475501
891237
531724
668950
364187
60569
497226
816649
776932
514978
683575
794103
711223
91698
586563
226895
491106
105379
780249
718517
413000
372521
303257
156535
855534
220696
733338
576837
15147
111383
937942
187164
93766
42547
852951
602192
80460
684086
921530
626025
912515
87545
53559
499377
492061
208411
434185
471885
915527
901158
492392
469711
882180
167638
383132
773866
562554
707410
708439
930789
537136
688150
112977
824032
458676
503047
554502
548952
667626
345113
651349
520108
471389
331149
445809
970871
981077
343176
185439
78590
149317
831339
171079
612193
428553
871243
638747
495123
357169
492934
971000
129374
772949
380961
578457
123996
755917
177419
535509
708765
24485
323912
736657
492979
805014
74273
408460
947693
897065
980093
757496
744090
429365
575627
96817
628504
367645
141091
304553
178730
722911
64598
567706
575678
863905
459577
660944
596809
727749
713496
853650
78031
90585
595740
385488
703904
75507
509202
735406
171660
817520
509110
338044
446558
996255
244509
82423
679541
872347
346668
22689
484829
114523
654815
876480
73010
293861
739033
205972
90550
904682
373478
91589
720947
824199
30674
383146
769410
515049
586525
117465
893402
76750
794552
32504
480358
954513
893937
657697
809734
960734
616710
968897
343886
501775
429308
933706
65890
448167
59119
197745
625316
454522
926940
162523
648333
494776
599034
807645
771300
106112
229619
704260
257486
802148
543144
837480
613060
188498
571932
209298
755731
461201
951476
221552
501
436021
634895
598754
801111
307139
872141
721954
171782
181078
453467
858129
780892
444616
844716
853384
871682
368356
719752
576741
918831
726470
6249
829277
807388
992792
907801
427502
672966
357212
392744
790661
310023
821253
691293
491438
208921
483425
374041
102179
722552
458580
205979
771412
972863
811614
359597
325722
337871
104354
307417
738159
854110
249970
812024
603740
300168
257763
971178
393037
384047
583346
465947
205129
42182
530265
351518
943737
819494
67153
77860
269973
25160
919532
235970
227694
612386
832016
441341
840676
882681
850407
563008
518928
85397
310514
15708
915569
863525
86603
784648
800875
309763
190864
407431
650377
724078
714111
203867
511535
143398
567753
325187
189354
520829
524021
593504
476933
862604
344391
725620
418659
134379
391185
639065
954251
388188
92408
653171
562766
195331
278449
107308
736277
149387
226625
883669
98476
233757
323966
766611
311059
240456
360538
738932
748857
333797
222614
476018
881770
399138
824013
688206
625265
628314
918003
409661
646234
495197
862184
484342
552295
687634
580968
875835
301272
836016
200947
930432
461512
23813
502511
232148
561842
303912
822343
99746
727421
282045
426491
49441
286417
320055
458618
235869
486830
633265
379635
653394
806732
645994
275938
606523
575324
996225
298448
843579
855130
96101
974547
997971
678550
738048
595510
430934
524399
957351
442838
685068
476246
416969
936296
736241
106959
100271
149979
295935
746723
141445
857761
945912
97277
573515
921623
535601
559384
303892
424306
248298
957535
403240
897804
292742
452355
453663
885055
85588
967897
918564
283481
358204
277011
843471
453232
967827
877516
268006
239815
640730
535298
738402
326760
152394
727535
13687
228657
167567
797472
491676
446836
957316
623116
277224
420316
248343
242176
254913
688483
778894
160130
315026
355229
756485
762260
34504
24664
689511
880379
3875
134944
199814
290164
408774
290672
32971
248862
704923
389166
455918
956487
798238
450090
333578
169316
152820
873010
408105
931518
108341
159102
792084
181262
568370
626127
731051
164314
733607
743424
981200
466483
36611
610899
528520
722424
40432
881235
726033
676632
756696
90038
202406
459337
472522
73845
964726
719314
396019
661715
693104
274458
530305
564166
342393
871540
877120
942022
325226
288391
424084
405994
403857
123605
745250
476428
674225
366844
880325
166925
395359
913096
659887
362023
508701
921274
970949
106336
568203
448823
182959
722491
213943
434479
135530
807914
709954
40103
839599
836087
855581
849259
768031
423117
566010
427546
680824
457124
774372
113622
625063
675905
563464
984685
658170
521273
186612
761485
797603
471544
619614
580216
985370
946601
315339
211745
530044
825488
592452
220689
814404
402051
50303
167809
105420
654109
656208
711386
307537
476341
278404
937667
604166
47489
900147
734396
454187
415167
241250
850071
841045
157989
961985
837560
653048
361889
485518
214121
783702
54829
397785
395960
774291
55712
814773
914017
441792
219392
36758
801663
6433
637199
526365
704712
836553
46711
830636
290614
941009
733550
259310
671102
37466
213902
836937
779232
523225
125847
469270
383159
988800
150746
700111
568600
95509
459579
666151
580827
296105
821677
209182
365817
29967
773998
140598
9400
341755
865887
923507
887074
697530
772001
157627
239521
455103
382467
249244
884636
177640
736095
720193
206753
316802
532371
815727
209410
365170
980449
967767
96565
810782
720893
292766
72628
215689
198844
684909
413201
480328
545652
956974
108535
471002
164048
814983
344435
143294
831111
63900
797822
751483
622858
741402
594321
151560
794761
623473
264264
689254
945466
267591
12583
199594
332693
508251
673176
246274
89533
68312
304915
730237
213899
199404
512268
41991
959874
225120
948437
107924
202002
170843
616540
946475
877740
413242
950842
48863
571924
118598
95587
730891
55468
613620
730191
217984
140237
112570
736009
653497
680949
286803
662467
342905
332764
341100
550946
497454
277663
307972
115836
823830
708757
370545
74402
415137
110117
461003
497951
947777
524914
47254
426652
330117
4939
824887
185934
178572
6702
288856
773468
961653
884771
257297
291481
986314
14500
494260
909960
844784
812547
114582
149652
357793
450324
893814
283671
620928
656911
82096
254714
241921
90285
338231
3683
484417
558657
630076
370991
891593
442520
933090
945567
740141
34496
140979
325252
107888
983916
597233
505128
140776
846005
782747
735847
456986
678995
277617
469328
493834
209462
550917
202943
259865
479081
7865
550650
194588
379628
646153
139459
450661
684953
400394
734611
970749
460542
205000
562037
987833
905418
65441
280556
183698
696610
688627
674282
383792
827268
596673
255727
543610
637353
693008
220223
414212
693812
288668
261999
411043
490738
617069
144032
802831
96226
286972
406197
226747
890137
105190
200566
853624
716018
232809
393878
207309
460276
150430
927371
382066
902558
344074
14482
181589
624673
621757
268949
577334
921222
530137
446915
635864
539697
736404
439272
932086
459364
112077
748556
282105
713375
679794
925263
28538
900859
425547
904040
398152
642029
803243
150053
109549
659978
110339
770371
88939
317836
120062
501805
652253
499954
740001
257966
38192
949257
767036
316685
488797
488028
276715
349802
339221
964002
640899
318409
656017
648973
307072
664615
176447
593007
814667
559622
836516
885972
824556
846645
784070
837741
171866
710107
72409
546079
945261
909594
547690
429309
515375
568574
708768
490396
355216
649807
887426
335769
921644
223643
349447
974098
740380
950353
71116
183768
657648
479797
146126
208323
163853
616421
502731
979708
988057
436206
698399
557049
815683
543820
707631
615809
297751
224511
494631
951526
82904
70783
863726
420539
608893
700511
572081
656400
606942
903949
789969
128883
858559
47382
566017
769520
285167
377123
548719
518455
983786
152180
887779
49798
999190
900592
728934
414035
388464
274623
406429
462062
313489
581754
675817
466093
667313
198133
610599
727543
635940
82124
614648
627194
674558
879432
661256
629902
995824
875878
616792
230732
174166
187070
544782
693037
607491
454066
388747
26486
358816
291696
552491
257805
804638
855767
443814
192994
294034
926036
832664
496882
601018
302908
656850
583134
288183
1433
489163
301673
636647
918718
831316
807688
989655
280249
934692
404408
601226
423630
158194
333724
886194
476662
622911
986245
464771
535889
469366
322007
767703
74899
872366
389525
753933
513524
581362
581658
362316
514170
187455
545470
888384
59939
502881
261788
12692
258449
266549
471390
239074
984732
940059
102329
805254
388762
740648
50192
969976
310263
52226
721687
332137
288236
35390
332955
56029
880829
355678
39197
938601
47759
403798
810603
756076
425978
443523
238339
657038
751650
74247
423557
810208
456521
751436
858775
709208
5284
130109
712435
637028
91527
375302
89054
974159
87228
709675
432057
499961
303291
209880
502143
916934
576715
324896
475815
560378
511501
518856
239384
225816
942196
505890
724826
304439
788405
879826
599229
393881
537037
725311
579710
993719
525863
408177
883513
833180
164763
592427
726076
640801
617927
261966
814472
731874
434084
408164
845961
243886
279698
201982
243782
461199
522840
679832
167894
22810
927066
13070
567514
352286
372955
573052
337685
846442
666614
416079
502630
572924
756674
859761
249546
982163
978594
133499
816030
44536
699223
206074
877912
821505
23297
532318
788073
296535
968200
745802
550163
964784
865433
325983
575901
883949
864016
932458
445598
629822
565769
88933
116239
364998
732533
315526
377252
655059
880868
287412
763568
875786
229895
499083
651003
28706
338833
447125
848018
132968
130305
736200
761570
979892
337812
191998
720624
366074
156779
259710
297017
818952
768669
861043
843168
749568
329890
685616
530259
40273
809231
99540
172562
503795
308018
725841
912448
253381
574907
783147
668029
535963
699940
670362
558428
665385
546849
281254
654190
283767
875473
78728
733072
546021
785621
934088
753672
276960
322124
515874
400435
366248
702743
377177
914245
672001
522161
867925
9411
47791
786724
365357
867330
381903
418708
43065
159624
375929
821027
23858
570026
236309
721003
490696
757515
469680
992638
106058
982072
229082
162356
153717
881812
501498
564815
722465
275429
797909
274792
15506
767573
514621
984418
50180
921506
362080
445661
31948
616143
589604
2427
395901
636863
206643
94109
670161
859069
461013
346200
971153
999339
294141
910568
580118
923471
766273
333222
470882
12127
564968
807732
645882
799124
786895
208279
438332
192090
386939
823453
248187
421915
953069
905705
738752
865913
35322
253552
434123
975564
412819
829348
861819
873671
529995
955138
163509
67710
205784
755160
445704
212459
94497
535553
528593
555009
436819
858785
278448
634072
450005
412180
649411
798956
527676
672690
168003
979416
526066
829215
236518
900431
852534
201962
922380
380621
474767
909816
2336
502327
171468
513601
20568
933929
966003
856377
872911
156665
928089
126136
906848
685653
229822
308076
616583
239206
343987
805141
528894
246223
515191
444936
902283
331280
267259
700289
190138
403889
620558
420899
107320
556501
441047
119676
829979
990279
472991
209387
822072
54921
384529
912154
167796
36153
247488
876750
549123
657632
941275
476417
410860
732244
930767
648761
884265
843379
595153
963409
425532
526488
518109
848924
990510
628194
843024
342089
818912
335088
733388
837744
294671
653732
536621
951377
665916
185954
465785
723515
394525
228107
469330
268636
397176
835929
160895
825724
721933
873039
230115
284086
794280
496147
833144
831214
607688
138548
54058
911217
625573
332773
644392
382418
338367
194584
854092
562871
646220
17380
149895
91269
208841
82843
669470
4783
184863
287769
661346
805109
592400
255074
259236
188717
197461
352252
572488
334332
54887
690847
105120
82825
627220
551025
858021
270260
853401
2412
25677
258777
912211
866216
531738
191825
514437
22252
401726
620928
716246
222453
876894
610220
348163
760513
994415
775502
850420
661164
312854
201361
188700
808101
538873
643437
384498
940009
778306
147622
370097
567721
2430
967471
759637
521534
93126
284210
257592
194102
592280
346969
212165
408921
488723
615127
897275
269248
352035
735347
970591
823656
23699
496945
856797
795452
867503
970036
299197
538512
138902
162189
975461
916480
941538
788748
698295
589280
90820
383003
90431
248730
797370
893613
364892
892298
728401
431349
831030
598180
816330
859813
455995
196971
84034
576259
159359
630108
934115
732177
880896
869641
849233
453943
368555
243042
668924
327993
151271
84548
825231
701070
669003
338485
45030
509106
399842
582721
235785
419738
171195
598851
602953
220776
205059
418546
76724
427518
451764
454610
300710
121728
794829
393317
879717
608254
132302
63567
760524
484356
954318
558478
443188
46139
840078
724876
479639
903026
625819
684745
299659
564927
847666
477293
495021
863024
640555
136841
946759
870977
945668
820348
52960
338507
6044
656138
464190
222162
142241
588434
303652
508080
924138
741912
755470
159334
745806
326432
819477
167182
106490
958550
558446
977348
130144
314153
34808
246914
21105
573952
95217
107411
453196
142793
887239
274019
388477
466302
764355
523914
575878
10626
896012
309865
447636
813675
879581
550767
991673
45059
970401
149833
380673
252074
664650
329761
93222
86608
464107
416132
149444
379977
168923
645879
858623
845357
871075
349742
548650
32776
446456
714550
267519
516435
739724
879599
424611
220341
77651
446582
458610
496551
398920
996930
869911
794016
307312
797575
291543
225963
737358
631142
307398
184921
930435
81139
628421
496082
957496
208218
720199
91089
85298
310650
420975
580065
458047
394945
1757
351992
61560
611811
994677
842392
737148
195482
196224
429186
171114
910368
56135
932967
416316
99755
83021
123292
290328
360942
23261
518494
949985
259843
762527
772544
359506
938362
401874
997360
566811
374252
264036
989858
807934
824669
404402
32451
838257
45823
198426
918591
458608
525968
77586
998048
114436
631488
60606
203574
563661
362906
920455
705933
603553
614921
100055
275190
62435
962055
176324
195856
578431
625052
538321
553441
66837
536639
670374
233275
84335
147192
921244
760125
147746
592757
307831
523929
994904
748986
427148
787892
686051
758121
735855
664635
707947
4947
298983
553910
206331
419715
831188
93224
58877
171700
410027
87004
170457
2774
181329
77697
688458
961095
315946
730313
666931
143539
503558
298517
145132
283639
290471
195355
394385
605378
340554
29621
951858
540886
252525
39981
236321
815659
426481
958475
545514
334233
883056
885934
21074
883782
319711
960172
746533
653999
299737
24594
29251
504559
432773
141677
974104
536409
260645
801538
491756
167287
553718
764523
87234
652879
691149
410547
927444
330221
830877
405140
918914
293359
131020
424609
977297
73664
281899
752739
513303
398040
121713
912561
540809
309677
907190
764045
399799
120314
957251
852160
836262
42812
908777
276423
564032
43695
824764
544705
911993
395385
317878
132557
74850
513272
932964
837300
719670
655119
868854
337749
664409
1925
927109
483805
714742
296680
508007
286099
606781
430361
393191
704081
258656
201527
953886
338632
318249
253084
141900
541394
298033
74093
310421
850905
803651
553814
717343
788128
561232
943547
590220
494148
854865
795157
321752
161989
626370
963594
409713
70890
892089
7875
468791
516722
753731
508280
481276
161223
96648
142661
517679
356092
750501
878664
174341
920922
196013
444581
942764
303398
999560
984319
386613
685743
619185
981132
996356
387283
621325
569961
259442
979207
551577
552754
812010
254476
952870
269219
313865
916805
983965
904105
702461
868029
43542
255303
538943
653721
18887
941065
706487
801883
375587
997050
172200
559738
318682
383485
126904
459038
37316
844137
175543
981446
781804
16392
836336
963956
667556
215090
869000
280013
960
355538
166058
402215
429926
358355
564762
456817
442035
533671
359994
342101
334490
390016
251998
828535
121022
632074
796189
661095
435431
448996
117215
834859
40213
398380
138270
268327
677430
195474
74312
173004
983830
926163
815342
241039
327159
437333
221571
30838
950733
737528
382643
55001
222036
843661
212795
443572
776039
588189
38560
36931
436121
921062
232971
929358
145642
327117
622633
346314
608294
259763
512404
514828
872419
632449
984961
333543
606421
188791
412565
25898
132144
397943
350077
159152
573080
25380
742792
155097
200060
4686
862729
693995
221510
284239
820709
993140
900181
344907
438364
886242
935501
777912
401698
929100
690578
66606
233978
371290
91768
237198
862281
316309
612929
316644
417795
272256
309093
49859
723188
464068
97851
699603
953894
926150
477089
878534
180794
448521
858844
695825
532749
667730
698609
780974
100394
907995
558514
246323
138406
279362
568965
530127
868675
349701
829774
8247
863906
392849
630408
187319
472282
455545
208252
584210
83607
661627
297392
112570
356727
359509
915722
775171
933532
94582
671400
931379
769666
40341
370161
13406
414432
279535
64129
241214
540912
41255
374807
214163
735787
780850
547174
572585
877003
392991
704928
997956
14926
753524
756662
906835
637556
875575
357288
426628
91363
880418
88338
493752
442346
834972
311182
848451
476415
230927
573733
480153
269247
987715
244208
262830
47486
800022
281446
423675
228594
473982
936346
311138
901457
946026
785741
283036
815689
194932
964985
928985
382783
562991
79152
721200
327565
738306
931125
289684
196617
963930
233730
673277
689826
586860
216956
914076
113845
197998
681886
511632
643769
586979
277678
505899
701472
422074
477152
239544
438162
134970
285493
122335
908106
733316
350503
918005
463109
363963
139892
837304
196836
380604
560420
476917
920147
955468
644717
516771
738322
720842
337812
97370
395868
900425
222600
25883
324387
618906
433078
622087
475573
622590
858533
677506
865008
111446
147898
862427
546654
128081
516543
602564
579745
234352
254252
338263
403858
406047
544262
689968
923833
855970
399292
61571
865317
233532
716022
294470
48843
782181
506722
313307
514989
146790
576578
582728
30840
732750
415402
508663
408478
947656
540130
91782
129185
925386
66895
520120
103825
764624
527684
788489
694137
781120
303644
133395
664231
695691
638473
180195
329655
414945
814460
691178
742091
416071
139913
621644
18891
381911
664633
744678
96101
997208
566351
816263
780915
326432
323597
768861
371136
298123
677684
986125
361412
547981
546119
499795
508288
601177
871714
860979
423915
126336
857762
445140
710368
851616
195435
301766
188733
634321
46944
4135
700292
901782
429342
120277
18044
773635
381255
352077
126602
729325
834701
306842
204843
39374
214485
627803
96820
871987
42070
540213
658257
312036
122373
407212
128972
456881
75060
480444
653627
185798
857205
526532
619966
54598
526565
964618
929851
530445
747880
244045
729299
659603
874884
118508
256964
731694
887916
996138
457621
87432
452307
225437
429597
844254
250705
939634
378689
163465
33960
530404
539062
411365
537175
204608
759608
758718
560417
19783
674614
868060
505490
381579
71247
171817
515517
681859
588524
966297
163308
5052
912493
318934
320916
230838
288036
895862
814089
46356
248496
379864
181498
221914
846267
372067
47557
276657
70981
275652
492727
920509
73109
331166
382140
300399
218928
768994
25592
121518
928744
483940
754014
935731
974648
616110
912724
187738
460793
248284
987090
205452
259171
368419
631341
396680
59083
761303
964621
144654
533675
255871
317239
605889
472968
708756
61974
351644
82674
164591
587037
757127
708527
289303
179005
335334
743881
902440
830819
916558
427479
148736
135871
206403
525231
671643
534959
184179
928232
412466
667390
596854
288506
828978
535941
417480
80836
675460
154995
840115
442920
57121
212695
865540
505878
141817
544543
109718
773168
93651
187983
258406
888056
470660
293454
876421
991354
357337
51969
82327
571207
515575
582805
501950
156675
364118
276384
439927
340455
524125
915824
979232
778230
483987
910301
72457
607250
10782
737572
839030
872723
567899
616107
853625
53245
254183
186284
865129
258755
293609
634283
487525
209913
261276
972835
909577
926415
142794
846309
623935
46648
336211
477074
631581
120067
152758
278954
381848
441892
818107
991738
855225
31295
585481
765473
194969
409774
462919
324908
37053
582081
469897
500684
318192
625416
856220
780167
761615
21496
662629
99752
124917
577001
508388
699956
375663
968644
117173
636874
541014
845637
107442
271546
440753
47846
229726
109669
289102
473717
956650
208455
437190
714898
436980
308826
746674
118094
428783
870331
75565
399777
809784
561024
743260
54738
297259
747957
30936
641161
201023
178863
382950
987177
188739
879167
174866
948356
786138
547158
885821
619839
616579
531118
789198
498520
34505
646763
378637
70910
444224
631855
437604
774590
261645
609073
8570
851094
106668
327426
357716
836217
451000
469611
275522
146507
350849
89605
263516
62198
337937
411124
411516
687579
134141
379517
470326
883190
737583
407403
941493
699268
481210
387566
836391
827814
513154
911214
17277
869097
328704
384046
506573
405721
949753
469876
738344
568953
711156
694367
952047
86499
79027
87177
137669
12856
862416
57227
661184
880130
739929
524940
106468
97341
610762
627787
774295
761700
477668
220305
697156
687734
528561
754145
599526
767756
840673
955810
617130
411697
791055
553896
493704
771528
811391
19898
59415
272520
220684
447140
789404
727535
530279
556884
42313
950333
874486
327856
135736
581016
861709
778030
740752
738156
437989
942081
300783
943849
972717
753394
441462
126851
31513
914034
74557
752823
556541
891658
832498
600941
229899
944819
51296
579550
379352
828265
211503
447852
502911
609564
815254
247183
275551
842878
614609
504038
234455
568145
69084
853925
452613
366384
541326
723597
782649
281929
632136
604377
52504
146177
75873
128831
725826
189418
174914
948219
42169
648168
674982
670153
535601
436832
624284
379137
109248
59181
490201
922845
281329
246881
433709
38810
77952
273545
647499
637628
64623
343191
28965
915426
738540
808157
586958
632628
777931
975462
729074
190306
272652
643581
175492
451023
562439
51253
156495
960151
361129
365519
259966
443626
413775
736649
879116
247417
887464
894383
312053
627245
547407
747024
870756
71044
487271
558439
574097
556070
213403
754549
800284
68979
393375
942450
926560
821228
511650
4994
601217
140311
640431
903971
149645
42963
704971
848463
240172
183467
839609
940864
464723
348835
943068
786751
517710
333772
927795
527273
867685
46725
917164
395450
247763
458060
812237
868000
99525
435219
912353
608666
989152
656790
717860
602850
955646
690378
254786
470890
703358
375575
325495
924701
181529
946963
442752
412357
535436
880419
794586
431231
926242
521183
866387
424781
880792
893901
348344
335416
940532
293180
805647
663178
579119
349961
791165
799526
520386
720764
920132
378175
83243
640628
465340
342424
426197
902440
875557
643980
143726
902770
215680
485206
808940
582590
715289
978988
696633
943132
19575
896366
141180
744838
27866
505814
317845
24554
989054
282444
946808
616192
945926
969080
116602
229732
475601
539661
430374
115480
435268
321017
610152
900923
673972
869908
857697
586578
410216
998063
646417
926965
568685
547250
467475
741080
846780
537980
216064
886290
599083
691401
513331
993060
792452
440752
86132
811712
474028
247582
936271
823567
286818
369650
400152
412862
7089
48119
482495
412191
505196
750257
224300
315207
236146
525085
203131
385555
785025
753260
756702
583174
501849
205057
795714
532129
598311
181757
734434
578894
116610
170349
636427
929022
634154
30539
980030
332262
28954
547382
79459
48819
302332
483353
634214
574209
830602
428567
950634
28681
749844
364591
402959
695618
309089
35764
825090
614418
27773
552910
883190
468720
395675
989421
35383
235650
795796
856453
581470
856972
832232
475734
690044
128674
95300
924311
516998
984260
737206
724292
472008
797792
402951
64630
235267
526749
435685
37558
918155
821604
108722
696366
175166
172410
975945
365966
197602
107485
913191
914709
447206
515367
901045
907113
413523
811502
954121
707176
157395
333080
967233
882333
598778
879929
906814
241396
666237
829812
211170
910266
608332
416547
681383
881766
669530
260545
249822
165169
549147
120897
617169
657784
481099
644712
131715
716624
940049
975281
429525
632287
179586
325457
343717
965903
344102
792714
417190
749331
513482
204238
638674
732649
260197
659168
635564
448631
907322
632748
409842
986948
826647
767735
525807
416902
357992
512092
458227
401802
447754
300738
661370
514211
78101
391361
364136
577030
325719
790124
995740
881919
422851
380693
870836
677071
990536
16222
193994
240419
164887
812523
835582
358627
517264
471968
812793
688486
297499
339650
883228
705090
99495
871779
9248
635074
627625
237015
779472
499614
27709
335133
818891
62837
410760
209728
285004
130427
52162
506013
258
239511
257497
646271
922540
18659
250838
532381
529508
585970
226909
110988
982862
144540
285778
614915
238519
193816
360316
681980
648716
737075
26182
684988
845378
160060
671374
865142
593050
491772
336296
287681
508636
34846
613986
739510
798249
851211
902131
691928
435713
262642
371350
40312
546388
309698
391758
797752
304192
784952
741876
908537
49268
128086
685183
859884
617462
205325
49100
825223
502245
449359
956585
807578
893381
413398
736203
669463
471929
766592
920349
579230
389797
558176
119495
49242
787764
58753
704922
47606
77900
207596
239908
135408
649190
191168
36092
522305
781442
327748
336594
899268
799183
261347
3930
998139
482566
435296
98974
92727
105648
185131
806151
737435
131957
172352
307534
506611
623530
910629
18027
871915
947978
547350
560903
75082
562643
686692
931162
493059
885194
765400
508497
254364
262160
716490
707898
664266
952154
701623
538545
714159
116804
604513
232906
713938
527946
474922
915683
523535
386543
746528
114677
251401
893334
459260
853269
576124
870546
235897
884439
444604
545718
128489
140830
153707
403478
795827
179373
289092
147482
722762
703912
679866
510588
747764
557014
818494
525484
45295
224343
380619
925841
766231
360557
745922
407330
349847
265348
623099
950235
494389
7593
195695
426449
818703
932772
689971
554093
759898
604675
839326
117625
675026
709663
270297
871956
255508
122514
424183
212514
854884
493374
853261
301197
78331
299502
464302
698613
371186
463886
567611
207546
547711
133996
10998
729547
179260
491492
90473
782205
54972
357398
39212
712174
258719
190134
971255
325180
948910
485721
592896
913035
514502
405702
324186
404381
508159
351877
439303
306549
908125
525250
11152
985362
922432
706089
787910
230324
494732
115059
257772
634207
754434
769208
897944
80423
170411
449117
140308
840352
851848
180369
442296
238845
980371
819173
956102
679850
638132
656290
944815
825341
133287
896634
966268
297559
445488
304398
771428
45445
222125
310403
6123
904863
183117
861819
99344
65885
563056
610247
878212
139475
660460
291852
558200
815133
441904
776572
64353
535711
202576
869628
842463
804411
120406
863007
826941
772369
962978
486103
331286
737881
306975
705687
20135
379225
722102
564699
766326
230207
580321
91510
611862
370122
500139
823155
79867
443559
225717
82468
590600
888205
309428
980576
151716
801118
769205
901419
638693
134920
260588
602148
325339
139965
265803
618488
991862
756612
123919
378199
441391
799502
486520
989393
806860
334126
328304
630459
411376
5663
299088
175798
963024
891526
147576
6093
834171
207801
659575
140837
310739
459656
924315
985734
931139
640683
698675
147551
43672
566282
205090
865555
145972
352561
270189
694209
555656
648892
33559
647787
533948
181854
433740
180673
636009
18394
350092
77516
348334
83209
855268
54139
814028
112356
884143
291943
193527
913112
55178
520038
908874
352150
46925
366991
626119
585530
756701
775372
224241
897347
727744
613375
618488
246238
918299
895759
346153
969468
62233
647052
878263
711634
902064
530022
618410
440522
921814
163015
766819
161957
250326
766881
5937
651419
279829
63103
922436
645852
956081
355620
863675
204838
825785
47470
367447
903853
837882
624528
377214
220034
334342
568367
43205
602662
910389
680262
189194
732171
225272
600203
74233
181573
216589
410640
264675
536247
640387
44735
921391
752407
822427
898293
833888
232954
11422
557115
707344
416066
939220
458249
649989
761551
233558
336865
101172
558418
13047
911920
785202
27128
890751
748559
856265
627378
694036
14439
287058
243635
810445
688870
983257
932530
889225
665559
287801
68016
36874
304277
321359
419369
166739
895205
83191
266168
141716
115016
760040
302049
697431
757121
959485
976625
208205
490167
181788
428508
117837
605789
988939
580646
579987
701443
259599
621204
791534
234996
38274
51812
626485
358331
154080
108026
807126
142231
958515
51909
987432
161019
501727
326616
204690
832838
934089
768019
793578
669377
922008
857384
338726
376337
473610
794117
444073
601245
996484
131262
79324
50793
832297
990624
330230
860259
327722
284139
356707
962094
550132
5191
82474
528427
191840
205525
667599
194011
500455
80153
562717
40454
474389
530054
713078
926720
392963
358039
148938
931788
30807
384942
822044
966449
822288
681338
682352
678852
995096
488625
597097
49598
25892
70022
972218
987421
338653
254477
999649
110507
18815
485362
131209
446620
836323
179904
783332
377853
415414
348703
905770
842975
319328
289971
683615
839300
615400
800246
520282
900775
366016
130476
881198
549478
677521
791607
898211
500526
817531
964430
447351
777900
234668
836491
566140
402303
884157
924758
285237
777642
489679
168524
857883
143395
881393
753702
913160
579037
499757
912166
233493
921530
927726
931014
784562
540849
453367
602329
57290
817182
941389
930715
161228
778048
668845
390531
673877
254771
291437
363525
529148
575853
281772
199808
822903
796766
8818
613241
448661
213324
545962
290106
669532
373210
176909
837969
606691
256691
401360
307126
533325
115482
959582
426514
135872
435817
98902
377252
632295
207179
114576
115923
49242
859148
117383
87471
214735
281976
212391
259811
854213
264866
388539
366524
322962
944281
839800
906147
510800
852292
841227
417421
853599
698200
974613
691029
849651
736436
253957
680332
64653
872083
31181
764050
774071
744243
84274
59441
85837
306793
142990
718907
447302
135592
851408
829538
554986
502327
713799
633074
107933
967170
161283
686599
807992
160171
793886
377644
263433
484832
593221
339659
223824
626893
542682
713189
662286
482015
145951
93376
180382
31867
141494
250220
648252
321385
485235
838356
770610
889305
183186
915748
393463
961155
274358
292603
129237
901726
960532
605535
489774
306612
827819
821034
866053
248947
483178
351375
19151
580238
922492
703237
198671
287238
173510
106340
262063
374132
310995
628117
994483
544940
455775
43500
107439
275632
437774
251323
100091
690675
165437
849521
28989
915486
107425
626579
752517
914924
40531
54141
560402
379619
653179
305317
746047
770364
66861
570383
982453
200854
762310
518894
16231
490466
14695
440006
836099
508977
77508
298261
607932
955793
70865
632594
526674
115670
750119
953485
222532
393457
991150
973300
27548
19886
109834
969503
538032
154246
263260
404809
568434
605024
6574
829586
330503
697939
78896
763176
248081
542534
339581
590763
421261
789779
480148
796158
204588
63202
434424
711213
118871
365819
932922
698916
741441
370835
542508
287662
741642
626706
444155
457419
102175
154603
318401
306087
134203
742736
861498
792894
3451
323879
820508
796924
361532
614933
718111
371592
210820
592150
383926
22212
708415
218775
589161
456810
31724
516951
582355
993290
569739
116313
444092
224034
997637
966393
995643
136888
617809
127134
380062
455790
609783
488304
231879
186237
766250
603981
524477
309426
504073
712178
9556
883275
63515
841355
19173
528900
985089
556356
734082
476682
270805
863019
93183
805795
581570
666099
209489
53321
455906
763008
860430
479132
312328
842720
712443
901397
292207
962755
88043
866181
906589
37920
9534
882795
7329
649775
521690
102572
565147
39734
533452
198104
676516
70430
828490
417121
945424
707789
140710
888543
319254
154106
501099
546696
329185
543036
581543
123767
6802
31260
725080
284569
786985
987873
728540
35973
108725
866197
832560
801434
375622
777470
853196
99909
291193
919547
17180
343206
82459
557784
96011
779353
388701
809188
840922
731605
510168
83693
183172
822893
675449
666210
322617
202773
834794
255608
636202
761425
345791
389848
59588
808558
773678
280170
994905
571921
952217
238501
260226
313656
153121
5
840025
704637
773884
480488
701805
943222
709769
625373
27609
911618
828425
479984
539222
291120
793789
208910
105165
962384
519512
131600
799328
607270
433296
716899
177477
589195
354831
524512
197459
135853
847236
540008
294808
125562
839492
783960
606569
19071
394127
387783
969790
823864
770785
703438
50459
911055
662489
849721
528894
416828
742969
230229
512248
891478
81826
910538
522935
614355
331310
845899
907569
884754
460574
262901
509268
22833
504292
707294
641480
124191
314990
524171
866907
391850
240179
271494
118962
873838
363598
337589
438828
875608
167197
231285
388031
623883
429853
603292
770432
46815
373328
625051
996349
604546
842488
110057
384049
664502
250082
307292
89831
591844
334024
439937
179725
755119
261391
448824
142250
883795
207840
411421
851327
418843
577885
75862
19396
777306
13675
500667
794251
383800
701430
402663
931762
219230
541051
997540
705867
461807
567379
575425
896105
569083
931124
372996
890089
789539
194858
111636
396643
48438
395375
780790
987735
253087
60918
364399
401099
36605
582980
625836
911375
518865
797110
246498
792730
255883
829894
983219
127197
487134
917169
892475
852707
805327
323080
174978
533238
366872
999314
539915
862771
374599
324958
874730
31877
845611
939618
357592
187125
846942
230341
931189
830315
67023
638507
24693
457316
507825
873330
429545
154891
41820
726390
915799
913928
138228
43709
800031
226255
841294
141654
314288
290223
938081
967069
542472
840558
454256
297956
34268
213717
53148
438808
253137
449306
411112
860500
207549
173762
583188
805029
317112
942399
453857
829484
352643
866170
970012
322885
938483
803730
751299
229834
310488
55932
206365
346945
854781
444168
262706
498297
509329
364891
691861
650582
472409
288454
457984
660886
849354
574220
446266
196887
707540
90369
59112
322462
821168
434624
306242
341514
969333
280186
237937
3564
33135
449602
383873
388331
936785
300735
991543
673001
880480
548953
788954
63010
990675
475564
346172
872415
784471
865500
341208
23130
930763
908403
635045
81521
536688
391704
732222
455946
752415
314481
847628
224073
338519
966493
728687
355728
146522
823702
270694
430508
424952
176238
189802
176501
549977
835920
689309
30275
586830
90767
797268
80592
232648
903255
319907
431042
159940
50152
984782
202070
192191
346833
818208
965884
521179
345510
223288
63709
977761
401533
880888
337206
832986
779512
139767
936655
377677
193657
504823
526856
718615
378813
296909
442105
693269
922129
750075
56624
27103
959398
767064
46771
654594
566399
824663
931183
135757
339058
927691
829004
482000
357467
445712
289017
112380
28685
342624
228907
295251
363702
683805
812575
65938
815074
606958
209035
197925
751782
127967
924775
435788
624710
766984
836798
588104
697729
166063
72272
492447
587757
303861
260806
726285
120790
934191
363704
762378
607310
686681
631050
855289
954743
932188
610696
337392
114975
451251
229222
29470
732393
10169
96644
658013
829630
137486
745883
136051
19277
565235
40875
740734
308554
196209
27862
661740
22963
557665
428765
836939
760778
488391
3106
126567
676854
404814
766991
202347
170719
704026
705603
807457
137620
403392
911571
4428
272033
741953
695059
942691
834428
482784
964889
720596
336886
243756
258156
445589
969569
590242
164138
343290
747452
294019
768204
397951
104211
648736
71905
654514
320828
604957
651725
484976
442628
362484
219123
810730
62764
68015
590265
718509
374925
729961
894158
278100
510472
65206
287012
281203
498013
609278
406742
83748
755541
69669
98545
763180
618611
881203
317058
34425
133988
593689
363211
547069
500915
859809
500283
864726
900173
18246
116005
110308
355919
356844
28277
486384
951903
878492
543873
942734
814545
77263
266253
355799
646299
381721
301941
66431
846551
919482
939969
937355
260911
714414
351664
876835
937011
674297
240093
805804
293939
788771
871119
38769
70378
419382
160745
129621
608584
223932
403182
936370
694280
804286
209057
738374
289521
931040
432334
652336
172715
97890
405900
682527
711990
416619
376123
840683
635144
991470
594846
646387
379303
563302
571642
691671
72437
713937
527843
35986
704060
283597
154313
984441
169998
56791
650191
335671
787546
378825
878152
912222
170896
322382
686091
981794
462809
339097
983899
190484
564969
99274
333824
570533
659420
765381
291096
12384
178085
882854
952344
765919
277275
906848
146848
32168
900167
24856
618297
740013
884554
289938
79389
960888
514116
937617
611652
211957
710641
855153
903730
847366
688376
154865
289375
873033
508891
878292
954743
223893
913133
951584
97991
50065
979800
447982
253719
181370
210839
257925
282502
566250
14855
762056
395774
481589
727844
347460
2117
709673
872937
414846
35407
285511
916549
854944
259972
129116
157709
923803
837526
947567
11003
885420
45736
788316
390236
428325
89631
90929
444471
261978
777540
681737
56374
1049
237727
477719
684696
935172
429355
720388
139662
970531
266838
309594
847926
82804
238378
206577
79466
276065
534060
567142
811818
685341
171592
395782
607374
689785
130011
392192
505360
36286
633124
81556
856217
450379
489421
555893
917867
793149
504509
876845
900758
146597
237964
98381
46360
224356
575962
722077
615590
970439
406778
754366
537206
301476
470282
180046
415124
649926
267993
530453
844760
769185
984495
117309
605628
47741
896403
549862
970700
373627
980781
846090
503026
616990
876792
260101
862464
196734
879673
709762
903984
172625
746212
715194
158907
41480
651695
102053
257327
425055
214380
586551
170002
66724
89374
887200
653980
468861
359173
56068
102386
821783
803813
154171
923961
510652
405037
422210
525431
781453
894981
690761
936110
922084
678539
351529
200855
340318
409848
523440
801986
536001
625652
902771
878850
251453
772142
820266
661353
486712
914335
992127
836604
742999
344703
517062
811337
222902
293024
527354
82143
214404
173582
789722
713964
787524
963762
362457
823255
766286
22934
348690
17241
931505
25821
203459
461774
579949
759810
872273
578516
990369
310212
325568
943108
806545
532395
359365
799897
710857
20563
833248
180397
218785
634870
42750
959847
718622
468985
418693
891860
461255
353499
187832
680146
962264
76184
820886
491196
262372
544904
929873
319998
561216
93995
820415
598881
643994
872550
919445
892697
742663
439939
936609
429532
386001
484896
15871
279005
605123
888387
419587
612673
438717
231754
407724
288612
419156
204253
80118
639397
392312
764534
584600
272564
924840
931282
139670
638615
94920
516226
747959
586481
920252
495386
669155
806412
565455
980914
748107
858021
112271
92547
240787
955532
646076
41198
649127
80646
173123
28532
1116
512068
688104
84253
322998
442518
592208
615850
186669
81263
899224
121036
813406
845926
783948
642923
811236
207810
745210
642387
921961
640979
668497
582373
814307
248271
703287
145745
183412
331683
798384
418783
785710
705164
637665
149428
299607
908417
737208
697410
374921
750593
800964
296968
615340
47617
82698
999398
817363
677165
68165
494461
208495
176441
538433
567670
839493
311996
409000
309673
819722
215324
156471
319813
856174
59195
149899
62307
702433
742077
88847
47308
58259
891409
438509
309471
20651
195156
342750
260205
847153
538115
605221
13162
159871
803820
878330
276547
477648
189934
629143
6080
415785
42169
326252
246604
835472
125091
762683
324736
884556
365146
541828
515382
388263
275973
551601
578698
118536
917234
413584
448040
561806
139037
72793
84408
291001
284424
63153
264401
510011
205419
499278
393599
361103
141831
584158
151399
225596
177754
225839
852136
653598
346680
983193
627974
461473
712982
86990
131674
90300
578075
198159
575465
903520
620383
623495
114768
386500
912542
40712
868590
343603
797192
62333
6314
245844
679141
382711
677304
929524
322529
595916
191374
746254
543529
18839
692835
457840
960489
818330
389042
749997
426796
369895
956336
608578
355229
672804
510813
371482
307607
729617
945378
924397
554569
154379
206045
872428
724596
267357
791606
510130
838097
21490
793755
327664
242662
791958
176888
534530
432318
683261
323000
13736
75100
928422
540605
799125
400833
672965
238397
222262
403651
252606
198020
682590
893202
715063
953225
934254
781296
844478
124988
208983
21396
769110
138209
893614
968044
744350
361881
357425
452388
837477
813172
277539
403757
615050
963004
545248
243871
257463
316536
640941
528519
196217
807479
30598
975301
552148
940922
135596
336437
706771
44218
255822
52979
690026
408096
76524
620099
378258
266639
68107
604849
499781
164485
800944
923733
551099
75276
215359
494683
371265
736318
64583
364760
610526
800872
264041
496737
88920
212676
743903
781042
717327
877408
752430
985720
490734
926281
921181
793830
162686
136257
170021
507869
88637
677336
948283
320964
812291
909763
727741
910233
942892
855557
296157
795969
121324
27395
240635
524705
315856
834289
67894
667797
620258
971622
172539
339671
928755
733817
274256
729112
375545
239701
813424
563294
527481
485935
173999
695494
426603
929947
993489
623824
725308
912373
213878
44587
495334
445035
58166
530978
178575
890848
165352
951380
620235
670256
34619
87162
540656
821538
219243
789408
170151
945999
702887
842184
790671
667955
189750
573040
756561
291947
404439
991700
223892
166959
452863
886041
41535
681736
746048
386116
440665
252994
295273
77348
553937
201977
714443
63783
673484
340583
733603
406346
75650
770080
256874
132619
281338
447324
891910
807648
905558
733015
342746
861121
259194
544992
42620
246451
341327
13293
608472
338426
3078
1122
367881
280820
175782
344208
195935
177745
381571
409289
966830
554609
275929
432171
936463
787267
250946
794092
644843
532843
250793
57573
739024
974056
455637
473895
148997
895102
248762
214123
507844
806062
370124
621677
64918
355333
665090
380780
184924
229367
831548
642965
590949
411221
146746
343808
510121
248285
714765
420617
818720
710602
722261
921062
84342
414897
510142
360635
537174
552457
895376
708648
421502
282780
388139
646921
32588
774062
485980
773421
443356
233352
353630
604984
461084
790683
926550
403436
632542
933448
522168
799251
652011
169195
643501
280039
296831
158229
973916
363948
866577
939200
857773
40348
547967
575460
112326
864257
272299
50740
531417
859614
47862
743795
79568
785317
209168
762404
288649
400208
314998
299215
331440
442995
847677
615439
623449
328554
316754
388300
301227
59847
965978
207022
577560
614527
162695
676332
272573
234734
47086
503279
12845
622443
29185
291417
727878
49960
77038
468531
517438
518070
245505
716817
585857
500538
42402
526475
696534
233923
487652
228638
585902
478585
323467
657759
898735
816008
209062
635976
562189
818963
764543
335733
381508
806452
578369
76680
370534
453819
777856
233151
250671
230261
551363
222254
433077
824800
167017
786066
497960
551959
899909
69123
352891
27534
117173
611686
241157
764766
38808
704655
489277
415557
204647
294999
89310
491638
867427
102477
557544
352054
136938
953193
124455
286827
812718
874335
904256
384936
811205
729742
556786
866315
927659
422981
547622
766768
833995
688313
883849
594008
793317
716403
315005
615793
423372
525781
384808
432842
75736
434251
84840
744835
621163
465763
975167
469221
149042
933015
465530
202925
794247
484736
118574
588457
661801
513753
429681
245040
454103
371451
417490
255807
157988
117117
70248
341278
992095
680777
148300
41301
788503
953103
816579
675799
993586
36994
619054
857574
11057
126887
885773
797828
125494
906132
766325
845552
405817
781031
852996
318003
580211
754347
836704
603877
97176
702639
102638
199132
164938
696747
702916
45398
145493
546505
737860
226374
336224
352678
83777
462439
31013
480528
333515
244868
917254
882785
694986
729634
697445
880222
3823
705419
933830
376788
979914
263085
588693
192169
431195
77832
340181
814990
236127
820643
72126
316011
762782
850423
82692
528929
548737
803120
864111
902298
731013
946400
50476
612969
449383
255260
784141
73263
701605
153517
705521
523232
453663
894177
174353
95190
387369
533065
949959
922193
434796
82769
265698
380761
825447
748177
498419
980858
116044
190135
325728
91134
127059
162228
771535
832996
881397
352892
229924
653284
159788
586756
657399
365152
154671
706367
372998
351269
875021
591878
547943
796896
941329
511814
29084
846554
242744
811624
135844
246625
946272
985866
105788
985073
443241
774855
774261
155217
460143
688838
445779
676459
33915
160838
160209
72711
466509
759692
82921
669314
216375
443838
9464
882695
474665
242135
30245
636505
778855
769868
496930
611938
591902
835572
476725
845120
183905
718181
41193
344091
827375
487097
325119
936921
72406
443356
325664
763512
749317
608815
809683
853649
363101
849780
339854
682527
577879
855176
105651
972255
836680
764712
852625
518139
742365
656214
149934
83046
385260
698414
39499
820000
544276
776139
461252
656198
629085
490487
396774
132730
13888
126795
817770
516968
183554
452121
876060
165606
635172
886748
545197
596241
656722
881026
835160
80761
848907
65783
296394
940959
544767
969340
674842
649853
782485
382329
819435
396738
600309
212902
79130
837199
942842
405628
212650
250388
867710
971454
42480
429651
43191
396226
473395
658078
163377
104069
835757
532946
687381
799372
181776
607724
174410
361285
928754
66359
32876
507018
258775
46212
502611
676797
932221
989640
317995
331143
159860
390030
666855
149247
980841
420611
11041
364201
805910
685413
605035
993044
456644
169437
752761
419484
214439
341892
351074
979
145313
911027
175404
473091
284929
503287
169060
171325
786188
495446
657594
39491
371859
59559
108715
805675
754991
305601
914114
247086
610398
638768
661721
411878
985058
486712
62158
636514
564907
337224
532709
279929
692666
611297
937832
427964
947275
659937
84058
83272
77752
230582
570287
525511
592101
931909
902409
716004
795434
506586
107548
64794
780141
516226
835380
60672
604413
155459
470232
408396
575337
196986
485479
433519
171519
579201
808928
911580
173896
732347
866535
139536
841491
254073
590207
261227
657228
273803
762472
995897
435785
890416
132544
848275
81819
917140
654713
725184
847424
188241
315044
578733
456448
372845
141305
766051
837447
329097
373799
246653
820395
848821
753543
163760
524318
719575
603028
393718
850832
478675
609632
546065
847744
563419
989718
923903
38619
333833
906462
630261
642243
495537
957414
84114
181931
444148
453054
540625
872366
628666
497232
926023
901702
309339
473498
435744
918175
967066
225800
261922
478692
995114
778830
233890
215268
255711
992669
542472
267099
609540
553313
954411
670144
246295
356103
291717
200818
931864
470408
151742
1354
637128
691293
939338
791732
654310
61034
731640
177725
294865
848267
679193
125645
347043
542616
950694
990955
363814
796873
181805
621976
459591
519879
191469
708977
356040
562140
142003
971030
82115
861816
671529
624951
107020
847734
214990
32455
401396
122056
841586
16559
710411
57227
1699
623648
767726
162804
715876
753263
20592
663406
343050
586588
92319
55107
758874
376699
731935
322962
452652
810600
107724
842554
599110
123515
430623
919671
423121
569664
600637
224697
441743
898357
808590
997937
542437
362221
127343
788224
17347
515565
718470
669049
784564
674285
742282
231999
753938
979127
268315
413279
874925
318675
960387
301832
630372
542063
892526
753235
103582
521073
822425
840181
83231
908467
806930
68621
565237
155868
556946
696942
853003
16467
378515
774428
681466
529594
849301
299705
878667
197736
539710
277608
155017
821821
213250
871882
682405
981497
918394
780491
747926
417834
522503
389968
622509
844133
769803
148817
688963
116812
591022
586583
869130
264343
408088
133409
542567
844122
307159
556645
100551
942396
357342
833478
985044
597928
843416
945204
119100
330939
677620
899240
146733
512037
33166
870967
209523
659250
590340
817161
927227
616491
968812
25550
898618
318195
809196
529885
376391
409718
853085
680421
626397
185800
721633
549803
967710
829859
165816
550814
573431
100986
700184
774132
18314
718273
240579
896177
672768
127582
968472
11613
929217
385029
460337
183706
927373
583219
113412
231596
208556
570882
193637
451496
843707
753959
638877
677236
879848
691719
110308
400653
774715
432015
139576
314643
958327
607667
662644
77791
254358
614529
825980
908279
87280
643870
106481
845115
653859
913538
34442
165703
354530
214483
254996
302815
946603
837113
271278
800595
300496
747490
561625
255062
171169
30849
992526
620137
383308
667025
385260
965465
415464
108602
795208
17823
361419
685965
641018
492353
340591
10752
949139
426504
719155
798597
614160
532170
16461
429916
208071
682527
148928
879872
950860
355819
154889
645808
733834
230094
448126
238820
117224
855008
285738
238025
43931
344370
507852
623703
209849
813489
662992
802588
848800
748864
635922
152416
885396
24482
786547
552431
141795
899961
485074
414354
367549
430457
258083
749534
241525
713006
212298
392690
853802
581366
437646
376020
969220
462766
209621
385079
802701
904697
264500
634946
34271
190206
676441
859914
554761
606850
91472
409742
924235
511312
561936
662379
635268
803198
424476
720104
643027
172300
492627
60596
858760
226953
511441
689580
101068
137357
692978
378437
973794
214971
233074
771738
492344
702636
30580
178142
885408
766965
762879
80076
962129
710357
357131
618022
521347
535296
799942
229640
389751
490104
347363
49888
566871
898569
617630
39954
985229
680731
501314
499030
847782
265106
484546
847241
795956
784436
920771
685054
553170
826116
745513
981342
561063
780007
551265
139214
372681
640774
113286
585766
344750
962397
105535
26289
537814
393606
887916
125698
847709
589221
913328
792053
196651
920673
431377
702090
105207
683379
414327
750191
727652
867301
464329
10605
152785
431172
876024
540563
116424
740419
266509
585608
226221
482587
147832
632067
185569
421151
612885
130648
685314
460375
137440
824945
674894
424555
867619
813655
40712
599058
146467
280330
797717
444083
18028
766308
792603
355488
123225
998813
334009
860725
95787
407408
465661
226786
222004
380840
549722
566994
800208
408039
185448
459576
327464
811411
332195
872205
373345
709785
296836
244184
962717
959179
940746
952967
464099
769912
729049
694047
780655
727752
108436
657199
337911
473130
446106
240898
708121
272657
90355
752779
208134
540059
301424
998804
495753
162185
965104
320181
427015
938884
885167
711131
798234
167041
378772
604099
279888
785731
383240
492802
959286
212967
56741
975488
640464
58568
945640
878675
856844
186264
397030
965546
125311
369096
837717
964260
760287
389066
880826
948516
893568
246574
525221
155699
184360
122415
384868
703695
273386
163537
499116
707747
485212
712774
437547
964370
193035
328289
113089
567016
50433
506658
729030
737539
148219
583214
946281
346267
887974
363068
439601
958297
277662
679564
373035
723426
947771
28015
256006
56343
983013
32915
812218
822066
533046
806500
572551
35078
852674
151954
272771
612553
243428
72175
738732
835082
81809
249645
920217
614562
860787
385319
667282
617397
739511
816068
659837
111657
535759
788136
15660
222497
509085
568927
814904
18900
359656
145926
153765
768258
633063
203427
415603
494621
738008
692574
166954
342002
913860
848072
759599
583146
86136
368444
870131
430270
144623
420628
1638
115294
377101
75803
396112
225487
583611
725934
635455
222699
112657
871076
968318
158444
748392
9901
936523
687597
217726
360134
640116
664075
990553
817466
866323
320587
289804
385515
463745
654173
39893
129084
999641
500658
972292
779440
334890
951923
520181
475160
358328
170146
524938
672198
521207
116751
937209
997208
278170
378857
214687
151316
78203
982186
699969
187709
369819
705194
234462
216313
480316
437805
222499
305572
223105
155213
614373
727080
123414
661965
309699
898220
317843
706831
799971
125700
758242
337301
518275
736418
297549
667691
98819
341
670203
50350
547352
485692
936397
50664
92326
390202
186691
298663
544334
51872
564539
739033
692993
867738
556944
740178
599196
995404
795973
831485
176719
831436
58236
118743
320291
812321
223891
430720
690802
25764
584406
831342
712013
586168
533601
822500
739062
122134
996448
125530
407437
553583
940741
443410
80946
624271
967531
225127
725743
738066
849283
230909
592397
395993
990822
485620
339377
437219
703885
389187
562192
404755
737391
678205
679731
706708
703290
573804
643357
481743
776027
282490
611534
428626
141871
258264
24833
116019
192332
228508
743027
444653
376761
693121
979990
451468
508883
985563
49667
943243
367160
289450
23424
61893
624471
509139
576482
742829
645150
17744
789622
833675
583048
787380
326357
814295
195617
142297
151630
958362
442537
80575
55356
593477
601286
604968
510679
746360
379650
197236
825677
391620
61132
359261
962026
736320
332867
223953
775273
142138
35739
719619
160828
210766
112488
400561
331416
428582
841247
768851
443745
40342
209825
19209
768879
575884
620097
480063
156464
325436
593070
132853
757145
113253
898681
338321
853074
533066
239365
905047
322163
483145
753400
5647
483635
322885
670693
672491
353817
7335
785477
989049
356285
916315
830173
36440
966230
825296
36749
381957
798537
465637
784630
236122
118217
203501
86687
508165
871167
624366
238643
372959
792086
49676
983577
876935
457028
27021
136664
927152
702847
801362
750840
238993
336228
30105
142417
199775
129923
417659
22289
953385
231117
861452
728873
451471
72697
465050
528694
785582
378799
729408
663713
140486
531096
256630
275547
190080
633832
773304
136380
350892
857397
334116
727631
739898
212477
775729
929072
656668
138219
337092
76924
153270
134402
337707
428635
657824
744801
702763
6101
141145
80433
679760
371789
337493
827365
807463
449749
155779
382453
303300
182576
420677
544012
464920
215588
85630
388522
244556
235170
102910
11324
89903
128551
560552
1699
620635
425035
577482
944125
230002
994229
52245
724585
359680
962633
642258
244292
618404
100899
636653
343550
420631
452416
870212
324930
930178
7634
772075
296850
467012
458400
591773
655786
968743
479812
535151
594169
370047
958380
349248
654564
284667
939530
367342
937414
393569
24894
868895
804095
825956
849775
699138
447468
696093
337601
802536
641456
856502
385520
438311
205381
397379
574554
702977
39827
289237
837858
792069
927724
373776
862257
238317
370199
107470
128988
521258
387321
243780
491428
881577
734835
904868
727664
193265
676158
529537
786493
499173
613988
479948
617493
253324
784998
268012
272635
696418
64690
664796
324601
612436
339145
655105
526826
839172
992797
725229
250151
22699
814169
234160
225056
472810
775060
48478
30568
553706
936583
375524
807933
458794
429514
719243
143926
847052
700171
859165
616852
831589
607192
412816
626686
735484
919046
955841
118714
717753
482724
27326
41489
946158
502371
255377
427905
379031
151674
331751
569364
578449
342880
395182
443752
714588
22281
324574
567975
813687
366420
714752
850716
619426
756207
901329
931343
430077
854815
535039
717123
84966
25216
696104
318896
959534
7740
914300
231930
772950
15922
321018
909315
290267
323505
925875
625758
129077
58915
629192
624404
523449
788161
402287
778770
352677
546455
253885
951162
131378
92762
868644
744050
519101
167933
272981
735800
230465
606516
875620
352474
789055
92598
376662
615741
550485
588392
9264
796242
529837
353241
893141
681337
157882
678880
818278
28311
205274
726061
302429
527227
331474
575929
214935
832052
489233
997732
514804
29136
429470
688442
346662
848485
405229
411546
818352
626320
75530
219641
563049
731905
411147
821153
334482
376529
684193
933138
959000
561569
154186
447757
456711
296279
791010
387024
116005
9102
631318
351919
960397
152608
795107
866247
186224
930187
193866
73592
720526
58636
677838
142207
585002
392063
511308
822064
449143
832346
99228
416866
257325
199946
108395
774076
364993
982304
690717
180243
170263
764889
220224
828590
469353
324915
738670
818514
450352
89695
209825
477091
170065
524231
720016
524895
720241
357779
143260
522577
279441
282611
680122
346205
330039
438341
489253
864197
222500
652235
246703
721830
845449
30601
452454
516318
985118
206807
356428
650449
501155
962414
941462
450446
402769
652250
457546
82564
602652
852327
712483
129671
299708
108856
23208
374145
87167
478390
810589
923238
510946
388408
443912
817609
763028
114789
457171
83637
192893
732304
668633
200231
69562
514367
602457
338305
742198
3596
436529
522343
758705
208379
838984
313823
430540
932467
882685
115605
13183
647026
859186
424433
393377
46785
578952
668839
38372
578342
793232
906133
183995
999905
466057
120355
867971
547722
551004
150747
410269
403313
880050
334476
818249
538087
714467
856000
721803
249737
442542
869753
541020
340989
997091
762595
27741
264979
992633
294021
511086
995338
968633
435150
156186
910644
437695
519193
553506
304936
371320
969901
923534
710710
81230
442424
518555
303605
330739
561111
819778
544747
541101
355439
157877
449075
960254
496849
850635
853450
218886
675354
527366
886658
722460
925352
123296
957325
169555
388288
700085
349449
775133
481643
844861
640737
369447
328490
90821
875544
2410
370721
175365
560009
653129
76102
441366
97867
273686
235463
926903
299089
618638
672101
428961
192099
367337
994506
550450
18473
797033
97898
201147
774505
470813
503519
834616
580303
742593
143137
582952
130088
985631
464204
260339
547290
231204
579094
880866
350806
278838
496697
580520
93151
87991
781665
245549
316405
47314
854442
648487
252338
496741
231164
772472
281662
9723
92835
616913
736566
333222
643254
883991
601878
742557
698490
188810
613115
334355
583302
913035
582882
519186
433927
3301
754608
853986
830897
228039
109150
548870
222360
899961
40609
114435
138366
601547
365135
520767
149265
252034
923654
214226
605933
385131
708636
62608
8253
542450
991091
255241
308810
823982
415813
917272
718873
113012
799034
976763
236129
919338
592960
292071
862765
867523
556956
310777
730796
362635
708977
350164
536716
699238
204539
96925
762582
161194
372112
714863
228206
383102
291623
272010
159288
550400
668491
932692
286070
84935
16829
365561
774602
942368
959386
837351
547317
795771
955539
346524
334936
808156
538723
564671
889324
914579
603116
793568
865991
845671
546399
295016
938458
47061
333139
391376
643280
469402
11281
255398
38077
390343
469134
246616
256366
458981
420553
350821
821711
897182
389839
245286
166076
403135
866821
983355
289576
119167
276142
911285
972658
882600
912425
311212
84038
146890
763059
301801
973239
32521
447849
250807
193583
317332
887430
950735
669775
643555
518186
478857
209294
446551
776659
226335
538742
750066
683612
126227
398757
91422
229455
886562
916828
803137
301884
646245
844241
388182
340805
332169
471998
297107
576637
370928
892532
554562
317803
387263
208238
958186
856154
41612
475549
726670
118535
346881
732947
87149
308289
984539
931454
67547
576544
581825
919565
679398
310383
909033
61065
50034
377994
74458
310633
257305
487453
356697
996037
156337
843681
964782
745121
765389
811530
396236
768791
178040
685857
711627
14337
962657
959657
960178
749931
712775
198999
896985
503413
719957
308078
235590
654597
819554
813860
310169
878705
298501
419822
661395
769395
570669
598858
249794
913523
361562
5393
912722
617935
452657
694134
583354
820886
554537
151135
928991
611439
658797
779608
622304
4262
158433
491359
539748
182511
426453
100656
802318
416998
721984
764151
314076
892594
362158
768616
541944
189027
417578
682205
910845
638913
458477
166973
962859
273147
720309
633600
468083
563724
978669
390727
150888
945361
992536
774506
731917
555712
740033
348920
978630
757707
985470
621508
945879
284353
215707
783012
852414
976583
713128
498571
561377
192346
901688
107849
15008
401804
969689
771087
426233
364767
378292
348364
290576
225439
130115
45456
412389
85972
648475
957981
285891
774071
196599
985121
708695
698232
577072
544328
546171
145976
311271
392698
22942
73453
53524
987081
912164
63283
979426
207587
71301
870172
343853
361009
426705
930828
903147
356152
942848
49057
823952
968511
117414
959169
434824
696356
736627
826944
589001
537229
826759
376866
898760
104920
792243
738053
155093
801418
610474
564099
452403
846332
499585
744874
63535
424379
903651
885367
788435
446468
780170
236282
619336
453013
238478
471375
630417
99028
8099
568739
370267
468024
807104
317028
600
264564
566562
797390
929105
298672
757896
400904
117819
726009
887849
973739
269059
582152
239288
258292
859525
829542
398568
314518
27066
738591
694059
866374
927718
786930
471060
305813
724516
159217
728360
449872
874068
65778
664453
405032
669575
89406
132643
568408
809140
135543
300358
6493
321138
541924
882652
794997
709228
367984
738755
221349
448035
555008
606690
114195
969547
952427
744549
610944
986413
342584
916543
112105
298587
502057
186017
24001
699166
598537
53647
194489
148017
613988
555804
608399
559895
802137
27004
420091
569575
363355
499226
192786
727360
899758
506250
198983
336645
92967
414248
104178
377888
376050
290513
330731
186266
206983
722305
354625
513815
501873
802685
25479
416142
776418
420226
697450
753919
960636
16998
409617
228880
639452
668559
491697
101267
453076
846639
234671
510054
970354
381848
197439
281901
728204
573623
169964
49535
104472
412630
963594
832858
274862
78387
318623
692957
819159
929763
272825
209484
752507
145418
39144
475262
408554
360218
15451
913443
70358
569056
752351
238658
66838
219823
250109
194389
517683
674567
6212
499394
973296
105761
159794
668894
802104
354688
673792
352805
606738
182750
56595
106427
811534
853089
840277
411030
484945
369128
637894
507258
483507
581470
447454
992332
519206
251461
623175
975307
320329
143640
212637
41066
814591
988922
635540
350262
493354
708049
584160
806299
56472
903978
460487
312348
630506
418818
687100
793138
273183
608085
190567
244653
820280
915627
266583
884575
7802
434873
666048
385687
497531
214544
290284
592983
536096
295266
919964
211879
510573
957941
72246
439139
285215
876929
629875
336347
333829
685081
29216
933129
319821
274424
840118
794314
763409
17624
193770
233320
686966
28080
24414
123481
79016
912269
760337
613634
663188
848033
376512
369162
385983
392821
745145
15020
807169
463259
463453
173431
694567
446317
112093
545200
645231
196203
688296
732375
257254
614149
197009
870072
127381
563082
619205
815428
388389
2166
112954
322257
131352
803886
75914
843508
510296
421396
932584
977208
254009
435592
262709
318434
817924
624543
283657
598863
290689
637037
873543
618102
203604
310662
21327
760919
747661
794903
447998
425518
594810
739796
905566
727510
888612
37778
591970
188870
845818
684641
534381
920569
411978
857087
174215
435150
549931
629282
841496
145732
322054
80168
995659
788332
313062
780858
595023
865910
162064
258397
490979
654535
892278
309189
35711
343182
7538
904231
682783
263140
478846
247645
771884
365413
389571
650413
649715
736566
664688
78554
650172
108595
525930
286503
182800
472170
907743
420679
756993
619029
635358
764758
977677
448781
987517
364083
546513
335655
379765
796176
800505
882177
852206
598162
866333
647637
741923
342123
249641
968098
236607
109298
717097
692967
965819
699781
183174
112577
758583
181352
865159
316273
830611
394062
383552
545756
909412
749942
890262
552987
722307
835422
907700
386796
732292
372370
199497
271447
566099
652063
280217
211418
332281
424543
1950
786904
109944
657930
119307
273249
416673
66044
275239
879954
732399
824088
222257
550581
142992
575665
949960
295674
125401
211279
910287
498949
544173
968191
119682
795345
656908
552723
149802
254173
35633
502724
258977
136052
12469
422201
519298
699171
853919
91667
705035
31125
896020
510879
135963
718282
142824
994607
566424
417436
809830
506961
263584
841315
544524
392619
536108
127457
488292
290780
281699
159346
422721
522245
266493
387498
967793
454729
519352
334212
860112
832779
608690
352115
388010
337308
69661
747676
562348
546703
275544
295600
96546
208536
680817
84289
187274
820918
94120
750102
883058
326223
629103
556876
755227
13812
655230
78240
943719
466370
300657
244024
308865
766113
684876
703824
102651
626586
178751
827555
344739
910307
514772
17280
988992
250143
922239
687503
587754
780836
95228
901692
664788
948656
63537
115740
445879
223390
742567
935825
151251
787701
968072
813095
945884
750165
259549
892282
504354
902199
356508
305597
786923
651900
694610
912363
954843
35936
183006
135170
538269
19924
103546
158863
112543
678325
675226
683744
367400
389583
697814
993060
159411
364131
777808
102917
687967
708751
147718
965990
241503
683229
42320
91455
314120
31637
273998
649957
843885
318562
927290
511720
827935
902287
793244
173065
920190
43908
270043
90868
70480
362896
506278
434975
224582
884217
420194
281667
747370
159809
733643
986229
83246
728034
54135
279450
35180
670382
880770
462708
285929
775368
823422
281104
52333
938266
724628
890833
96755
91045
65504
405905
349120
562413
488693
350467
943361
385917
327665
396700
940805
534440
922798
565760
307235
260018
797299
191534
172754
342072
725047
340611
143081
189263
895838
439473
265746
61246
685121
271650
138114
287016
939282
272906
28909
786412
481382
951624
54985
801985
642630
928693
466666
138897
983129
618665
726391
431922
740096
879812
552104
422412
826386
627021
416859
108628
78941
174266
829128
318765
945623
116540
920548
554174
625672
87304
118241
168521
112151
186047
291572
630730
135927
900039
44638
101278
505262
547846
407712
86887
111446
291130
175328
162146
623964
845112
493770
937566
86922
858464
432492
33745
638904
378643
646829
238545
984323
442079
265466
114613
438415
854894
650300
329266
702776
117919
415244
593301
555380
676898
513397
211322
918598
829847
417132
936947
148992
294131
973860
566930
124051
212660
968338
630081
109083
272952
396559
677059
379567
933853
329767
880760
839630
586423
228206
242538
676162
838424
683184
900253
564944
93865
599590
956846
52887
863893
125217
414
368575
699778
2766
511008
442602
823911
123307
723640
102207
167232
338306
767314
861628
53593
148425
278195
113786
292318
100384
509084
743705
218789
613352
9089
747354
868434
558101
232268
853692
164868
387025
727923
845415
118149
484408
52767
283340
406531
444368
688795
605566
214463
791810
70992
281290
835496
979588
744023
707220
981871
516055
524319
141389
718421
886917
20643
130769
831638
671702
656646
735774
316007
471108
770447
213958
509004
473767
124866
866482
32648
265163
841451
98254
441175
599807
182569
365947
222102
96758
628191
28995
536622
576610
314278
338032
884089
481264
376589
389591
124852
117967
520591
454353
924563
497621
251893
99773
602931
38348
122365
675781
499329
644511
125995
64768
718616
954904
819569
501674
606099
627257
462482
915565
544217
274565
489779
208485
534744
170075
884257
536232
562059
691815
35940
189308
751464
302832
469280
771800
82513
99278
56513
906873
292894
88634
335338
218747
575617
365326
133217
809013
594097
391480
840338
618979
303095
543139
171915
440428
832528
958405
891086
515783
77877
15240
147511
616611
691550
340438
402571
991868
926999
934661
695140
858185
196541
741254
261943
845736
251057
644761
677135
8120
11572
290985
46004
578359
105951
142709
784920
605344
887496
849581
317351
671421
501827
238247
13581
203261
256567
560952
671539
351831
115304
850949
624193
786525
379096
179940
382998
333248
794218
