946557
909798
143662
856081
161151
102866
852286
711527
865942
612263
889814
205812
603199
86755
849160
742240
961572
47697
328475
987652
703419
334069
21492
442966
936902
390429
414125
37790
106656
357407
349683
590482
923119
230489
238992
275946
565954
27008
733549
949161
291026
663318
227016
512698
564217
809866
261305
343735
404268
922434
919272
788480
24519
958821
901709
738237
844810
886065
306427
933959
86964
423067
221102
225766
365939
970587
914603
57428
632124
535538
351434
102601
790591
132958
438336
993047
565034
372850
107410
917563
762030
971120
422993
823304
299350
768923
662746
238425
970019
860960
728059
918038
932197
828279
540600
139531
176440
227685
234152
606689
