542070
376119
284629
223003
222147
628052
437975
454771
189370
544998
882037
496216
259492
234336
39030
790204
319257
835841
263773
852998
275750
434760
685126
677653
878790
630431
162397
609627
963028
603124
31783
391432
227126
430240
521966
751367
292004
533444
92582
564359
809069
835499
74062
641186
202382
129240
937909
917560
270635
30601
80035
730745
452404
109690
223716
539636
719431
423439
588915
286039
523493
315143
767104
708050
41687
512627
258388
760902
271315
785358
801394
799959
701737
644256
292685
971140
981907
820989
18630
624905
278135
246066
863494
649057
629588
578819
888162
521069
573006
957537
49285
645108
923523
975544
171603
309620
806472
633966
509043
687689
615397
345
812501
802416
335479
85433
535287
320882
979656
281150
203182
999543
138371
422810
955396
923500
386239
619697
343793
382666
766757
347673
783659
616158
359910
166625
935091
749839
81685
288580
772577
246479
985615
534500
980124
637263
943571
531076
364666
121080
962181
642312
291903
613421
343449
341677
646906
324013
550350
179532
906791
787550
92290
644633
620635
661520
980593
79553
359438
530459
353312
147819
947130
638025
732220
611895
576776
84010
245623
337401
75082
643758
39989
502750
81195
741335
439738
261196
685847
715412
911609
210091
657080
641905
732048
205475
321958
868023
989605
365534
283258
161645
70232
527027
564693
513449
322641
15049
256349
628447
81019
916967
545761
208463
4358
302210
32456
56283
43670
199187
192529
761702
367699
710034
823311
820053
876244
704759
720784
772405
9766
639494
786530
428672
863122
948686
183574
542904
392430
971640
60299
931683
124634
755529
320210
52911
774635
900716
776321
14607
221875
448522
526726
75101
315011
305172
223383
401763
770121
438548
175458
936821
638982
553594
167695
870628
512219
485888
553177
200101
514914
442307
471090
833890
789768
552030
214310
591472
837593
209257
164269
757569
861432
851424
589146
440755
574015
307821
967520
731728
97379
591428
901668
838687
743617
544794
297889
974551
197166
369800
594381
47047
790319
647529
713787
212878
409252
165499
327725
823826
741143
115039
624276
297234
831004
581406
368119
793336
242829
647175
326491
774978
550273
657616
69170
452541
213235
656037
671909
247527
53533
373829
196461
939523
434426
972946
492650
727541
96845
247437
452916
452275
630617
509094
997557
808764
998930
991503
739924
120839
111229
556662
822156
135207
398413
487165
372199
126092
48453
725892
553322
796305
77065
667965
780918
885384
791153
826292
106669
575368
162515
114821
134133
931644
412141
394897
179112
648861
841231
546957
773180
903478
548794
806634
602596
823216
646670
8193
740744
155676
176343
751705
920889
961000
975549
548772
811793
679993
862790
890982
544297
22246
992050
706725
842458
91462
159840
559284
231691
222996
440662
468365
239647
806498
206534
915884
206962
256159
817689
937261
438253
385308
751081
636459
680747
231426
855406
726110
897383
863589
451306
820700
424383
72115
989108
698058
381382
762403
129708
111287
86828
751617
427420
78879
514486
247657
672210
21848
345837
996987
298234
303708
435145
840447
388855
466961
941986
22645
306758
828158
807535
623598
439373
473948
49284
890928
36818
70035
547001
900209
165959
186150
120326
265912
309646
205106
424327
131101
364293
862725
375599
322406
996662
975672
338616
34223
170561
105675
813817
393424
58442
182565
335079
38487
488441
382168
709754
473013
561083
690559
508874
66140
486442
967361
281583
364817
48452
381476
471707
579087
353830
506868
245634
114744
836924
291097
800778
474327
282246
108663
525699
475380
173121
478031
532240
521863
221894
369429
852706
749590
495494
979467
609985
363081
324082
248927
111013
661449
702085
714081
225839
537228
222740
672194
532688
20757
440324
698319
109452
978513
603620
17454
83618
931979
719139
399232
90983
335284
772464
576925
978564
181175
999858
42547
411343
130414
825634
874081
655236
189045
899197
625171
96937
795734
481734
777380
389490
724070
44585
1838
930213
369819
982308
383133
20995
393874
706069
827727
990252
378437
173323
597690
153343
811562
568599
39284
616018
871111
137394
216938
572736
912707
809537
356075
151041
813336
69842
958434
824603
255526
539098
623595
894952
186559
791967
704562
30922
558019
814322
839873
677398
898581
398497
872013
250467
619621
536782
443265
870162
507008
111643
667310
177306
705629
887501
789603
415089
368906
406933
876253
441121
622403
991268
580996
675706
860847
327428
515545
156554
336058
736677
751419
635416
770337
716227
687690
85097
438079
171150
127649
132585
401078
296910
273405
751944
573894
736901
895380
582406
283154
836373
512899
610597
495690
898905
91452
210933
933739
563582
54181
908176
757967
53185
512722
197883
331912
367767
136395
349932
996128
620577
142186
353125
805166
694201
746407
695213
948136
251533
323145
930100
840225
986802
633671
596880
724615
195375
96816
136958
433564
673032
104227
840308
360558
922368
973278
605448
924197
534642
13220
990505
561176
709044
360457
429977
240364
803237
460899
219764
213692
438796
463828
26001
944007
741071
557081
80213
749250
984193
190028
732352
749443
139017
846767
239614
550690
55721
47777
4172
51865
89469
100298
309313
629556
673528
393499
698175
336868
674744
18787
530577
801679
394349
782216
212295
640065
846060
715655
812616
906180
755179
996010
883952
111950
546693
231526
140127
514117
16349
299719
679207
836283
920669
302373
47459
81212
373543
247757
190054
803498
986645
63938
892509
268618
772468
213430
859144
385509
968262
254293
109107
543230
279621
552836
222687
374344
423570
732244
895689
894117
408908
939592
133091
776445
708848
917693
347896
667707
11644
455935
169340
856447
120846
808221
246006
482260
308661
56865
619315
391472
769673
480219
388908
988321
354610
234861
756842
860777
844076
19130
895722
694901
640906
965713
942546
290858
73203
174254
416358
529711
466133
666533
813351
95182
948548
362875
675342
510704
441425
462273
914826
842161
350445
826571
10827
74714
641411
747453
699459
443749
851356
94491
36430
309679
14031
883252
335513
368425
824171
597490
731646
826353
181291
770724
145529
456753
462191
544087
877158
173589
38089
497215
628273
973893
476946
321941
830961
76349
500601
601
540654
460026
975371
73719
130745
857597
162863
417621
705046
652617
912845
395706
314599
160878
300386
284680
245388
233257
550223
443173
513106
220007
197402
880273
161567
332535
781669
240119
314543
224995
767129
892104
607187
665453
329050
486045
80011
372295
801563
552946
260232
808823
214684
750473
614677
209203
430224
217197
545796
238808
44186
976291
288576
913721
677102
823172
373048
546355
823217
726300
170563
35468
276520
877493
957380
365676
601825
953749
535154
825882
433132
371479
473221
587213
912112
280679
385024
918553
514100
870437
264353
786714
854118
840270
323712
365545
40726
372465
113694
960875
411406
917938
523263
520822
700097
985868
970272
145006
839532
801531
112007
473083
981615
231953
112594
532389
736474
585775
499295
914499
160538
720900
616045
956022
763143
965860
512427
580504
16654
101315
607206
43326
744362
571995
527636
406126
344650
535351
974601
969843
165084
737189
343041
926675
645520
493089
279836
24404
141063
213533
90495
650951
721925
628505
603275
592256
116093
884036
981587
986559
801818
798799
139793
682662
605807
471629
776061
823060
833865
411065
859730
714129
410672
703582
906036
243296
107843
226014
485095
284955
53529
27792
490638
520218
378114
753997
712084
225937
721676
361678
599841
58329
718347
572604
612347
100226
4985
955340
357338
10044
840377
595405
383929
111199
670604
252798
908727
473975
179601
40269
264695
578385
790421
898528
787027
807
55909
676727
638195
375210
973599
690492
347608
887918
972658
257782
560377
382445
121690
274206
685967
168745
693687
620452
842297
750863
163559
941656
16266
284229
169711
180369
689240
191631
937975
374380
917201
871624
725355
43070
761595
813408
683432
44774
450281
596937
66381
373405
164323
478305
81792
236250
44298
812923
290178
897178
221375
451525
612332
577673
16688
123606
332308
993983
850015
135027
42125
242851
182431
752910
32736
531744
654187
536098
386127
67941
204586
665531
27853
695131
793110
436947
894015
704945
237571
937669
661388
322663
814175
172533
293648
370401
751602
117044
405117
974863
577003
364049
766120
79760
11908
668908
149550
589778
186129
215432
477638
438685
330356
604027
435941
315976
249727
271558
988898
705080
306224
750151
537845
851447
114598
44723
543528
687228
721815
43595
304581
1503
157257
180637
996534
397702
806902
450471
127287
915155
303460
279459
991883
404231
858938
549945
462988
295020
915214
847884
740338
11182
812282
721619
252715
732645
639748
961813
211065
839508
569444
289083
370919
609645
70880
215912
270430
29292
130908
733424
339487
300435
39769
848235
369070
450624
876148
337401
600738
354040
36787
77342
452759
364792
339292
193154
593162
750471
548404
382960
857910
495542
710753
996776
352680
361799
881705
352542
196277
289468
938230
809922
913981
422859
351457
717793
270918
307937
732919
202123
175628
973941
204110
15085
209047
935156
633161
740861
505905
723861
641813
80952
716986
765329
924500
239965
266802
199749
532230
50986
52834
151817
560865
252268
418069
3177
323455
602869
598782
333189
169645
519214
183590
790426
364388
182129
17125
505089
555584
933354
62825
203327
364334
846497
550973
172909
921928
385327
577702
682161
914757
605574
960581
832997
81309
913211
277410
953986
397627
803071
786024
52835
333383
606879
88440
81860
850790
800678
599178
677647
454879
713531
251647
398902
952448
330287
329545
920050
409669
913768
95205
336153
330074
174204
718608
317621
112805
383776
180985
441104
755864
519033
195062
61273
881658
931828
749061
30626
539127
43548
753364
690124
4620
312199
146631
209587
805648
64911
323153
942770
499336
795540
811545
821191
360757
921256
412327
742232
222190
400377
159016
360474
581324
40782
525924
153862
639337
571591
330880
847886
398258
445224
873424
298884
678536
103874
185518
652204
710510
564584
717168
572998
594139
179134
634065
885426
84196
596270
199787
226145
413531
820898
450919
811020
661313
107488
375237
592088
82044
728133
350442
629646
192337
250047
971632
704359
251519
565147
843285
704929
818445
323679
298283
674772
687068
827793
705143
24617
916844
948688
898630
714837
665644
747080
600319
449366
676335
614936
825044
311218
288814
828348
942966
397253
400970
938522
568593
335636
87629
941673
310495
670299
740080
257280
137026
270884
931627
703819
381993
806161
461215
748175
505291
947055
886020
831367
946653
170718
463781
441899
655831
758045
663156
161707
930398
315319
994683
906739
206878
590196
791072
665809
663871
914383
630068
232138
456841
323194
23686
583752
775222
887503
713033
123011
61417
675280
106308
633678
604000
533800
608065
494458
799946
981343
361386
216123
469716
496500
604073
106631
355064
670122
475064
290054
982244
782197
448524
565023
559526
696926
602055
912009
241436
639986
150040
663760
301031
641731
650385
965912
947752
25690
873201
882524
875300
606543
375570
859261
321315
850736
60713
127421
656662
784885
767594
755891
44234
438942
571342
983185
199976
44224
420004
707248
155312
335723
687408
514723
471103
266448
237069
662802
88125
427996
473688
369820
172259
636233
634612
622224
787145
731126
140327
137590
921423
808003
540760
516768
417650
664857
939786
277278
225514
146096
957321
265777
555612
739206
123962
36950
253253
292296
27986
12863
428645
874050
232578
36431
502770
979786
273351
102345
642708
361376
785880
684895
138079
490223
843535
815464
863918
56105
904060
539155
970015
43514
602593
956095
471490
188221
970790
713269
461218
456343
659343
551707
180123
271048
833906
835591
670693
983129
352796
857958
184315
928048
928461
5268
155932
715780
906091
628058
613156
775141
709060
52580
121260
227702
488550
659710
595494
35750
569849
706387
225958
800829
223312
459225
497598
368313
757328
829870
12117
687515
470147
223047
69595
972548
274742
316296
301506
150224
779577
960580
945865
264343
916289
397792
357834
947067
597826
438447
488911
230283
482652
304528
305357
434804
63128
662614
638163
977044
388856
885689
178022
625350
429538
214637
78228
291599
150049
125106
109698
583729
394448
781877
670074
834082
839588
12443
935441
234116
731817
661772
959447
250835
86007
91849
213017
704833
256815
45672
521291
485269
875168
932636
788578
811569
666603
567720
966693
699509
91894
77418
356054
309789
131812
539612
950951
6979
762988
609018
356187
25953
447403
200265
603081
473899
517995
47925
180243
201104
30820
286802
367947
796813
822707
786841
2788
110903
907048
111596
341457
578335
486521
26334
46017
380374
152618
370314
860384
791055
383817
100957
262549
944217
334689
419122
996298
23671
156979
51331
915655
907091
710895
774228
276389
127840
791038
803467
430486
404162
931696
256850
3168
662331
989152
375404
703962
792973
76139
349243
821539
100505
380952
485052
304798
76823
288895
666216
119909
574915
809211
335172
517264
749945
562798
317737
531343
481560
415093
907027
419497
565401
37321
398466
958685
780110
974837
224440
368392
471001
522671
154539
657243
911046
201915
433018
288271
108289
416829
92037
468294
892684
996116
789047
144280
502889
337782
38653
697767
917769
185499
278772
307198
904747
467302
557544
711535
404458
864858
399754
647234
845883
794479
370487
371324
591720
981269
699741
378131
309605
127287
126754
341333
620469
940274
792732
655414
986957
389726
936239
655247
881352
479407
786216
870886
574507
575058
994124
693549
641527
140800
699506
231479
40185
272172
969061
155050
251567
295313
369549
550067
696072
82014
530132
763928
843327
452054
393815
812524
166854
660795
780568
159329
281605
754709
974847
337633
472593
474889
132736
181650
865344
689157
124831
565746
99411
820564
527810
783382
326748
773268
258790
414102
499375
921544
585464
405191
450402
421891
789018
886880
621604
297360
866601
21721
688283
690224
204219
730986
468726
769041
769502
420385
368317
580278
39273
400469
995606
841934
445540
39344
626947
930054
991190
292478
618501
409996
543141
208846
199808
85725
511262
872914
916071
477421
936519
676172
810100
306888
612815
407214
707648
957880
736765
270817
952028
522934
104941
650953
698901
682958
214964
605466
533971
8070
931967
173648
158209
163521
490694
489257
19605
388770
784192
541650
624115
672319
414261
564038
756688
806687
960982
441233
621994
284359
594248
176480
746012
656401
746465
341218
763636
580577
801198
97181
393219
527463
327211
811148
864665
767954
880636
76539
350264
816713
335740
103927
693866
259570
347699
979601
392789
711993
7168
451739
623378
671108
542623
827842
593413
46633
238235
715381
829743
252977
266337
590482
258932
453056
131349
625906
841684
820543
281323
772267
127911
585591
196439
744416
383457
282893
743840
737208
308148
33648
797464
785683
950846
118399
30240
485706
838962
906616
482976
881078
576963
299488
715503
364574
142824
64237
484287
102562
298055
344505
468195
247987
907007
751994
2069
355018
614840
73894
624533
599653
288687
243547
369700
401825
799668
646382
784746
788868
894720
447353
970603
755138
460218
504185
417437
805519
880088
901257
203057
82067
380214
908696
62313
843892
75089
582319
271606
22677
711608
83723
54594
830479
350293
461148
916757
463767
441244
996451
15914
768315
77355
36431
68771
309645
32813
602590
949840
707767
108421
357098
797721
421150
707820
758291
379675
714784
121007
570850
856426
991601
927767
758263
428689
146876
533564
326965
342768
981924
226029
616618
15572
149548
650112
133526
730445
179785
836330
968023
424300
762057
3320
301586
250998
96989
186501
677840
284543
200597
411695
305631
188243
377580
87239
716275
367164
568371
969688
231776
194873
955745
354259
485983
623239
835583
1820
28470
516016
991393
595874
496703
302199
916332
758720
785425
879648
662348
466495
827153
420967
120406
227490
288480
477667
521956
302815
425505
185580
519530
167650
257254
646139
67899
57516
996977
78512
846400
725243
579412
199607
176531
304972
379696
892171
867357
824624
495017
959703
258810
719033
303524
390442
364356
310267
861664
552866
2850
658828
521721
576125
66001
920565
212434
60904
981099
686206
132125
619234
528267
199151
279868
272637
308239
951942
15789
890282
256342
442183
229797
74612
93477
532003
248903
868646
948577
405980
990373
460875
519571
811132
50829
461175
546958
827791
229108
392267
266565
282819
808114
187396
191220
445207
94620
657630
288337
72900
467530
329444
868861
637741
980138
814788
144587
479449
904610
98343
339343
537207
704462
975516
57883
143416
505609
879318
606220
623069
947124
979123
68781
131608
691295
36133
649924
419513
545431
891792
311663
804261
386642
601103
430201
156822
760172
646173
701441
47662
626523
148124
953434
247607
610178
740220
255574
914460
503317
750886
280748
490699
60599
515720
758614
906396
550812
949330
658357
815086
942028
797748
52339
125914
554297
232979
827131
36830
266757
727918
949867
415814
406465
173700
632542
988003
460880
36279
529491
386575
801367
464552
486041
953868
34426
598952
536403
706455
54314
802202
770396
269859
787228
853509
249393
794679
819735
231255
422623
859012
535574
71374
881400
362685
830897
776712
516390
295067
787169
350380
837806
437662
361558
432488
552238
216259
868306
677913
251416
622147
912197
403339
138983
421664
266267
274206
678655
703473
759602
877379
671438
772559
2705
820414
855837
741659
61191
487675
207173
289047
697708
590204
49397
279114
482257
660602
674973
992694
120612
903192
81400
981961
139761
38465
501269
148458
150371
838734
622325
73791
931306
733243
587127
257985
120069
567153
337592
902009
35496
299787
659332
335436
110958
992231
546309
113307
479181
490333
882983
981858
485745
499143
989701
679417
933889
553590
667617
631541
130846
725083
192053
73698
777004
252648
528708
351747
686458
989267
151635
156111
712475
326680
34757
934464
123080
277286
558917
344050
899818
411690
524967
707029
580232
589547
253201
92647
828616
823607
146440
670447
713416
845200
289824
362935
674224
901936
76149
40020
154782
440232
985620
270376
855840
651225
284219
213282
798421
388346
319068
656841
203457
629659
155919
464843
663934
77072
969574
461971
224837
875499
145154
77474
399500
189546
554264
394743
815584
727647
418006
617940
898635
485840
132573
785105
797553
606815
255801
536174
951768
858848
915068
550353
547838
82571
579142
938890
289859
222346
288080
246888
400644
974509
955650
852454
600893
880863
755674
728347
716734
333516
266097
379277
837935
582966
957824
376273
879979
893701
47931
500467
671517
337721
298316
890890
897800
13340
342203
54807
687316
583019
861551
920219
279834
429072
677401
722312
324010
977048
165892
793352
175053
569961
379481
670480
849081
724049
95979
194873
423911
66967
309396
594294
333229
121119
129580
526315
469
712684
184796
715135
242571
211752
433605
308097
136293
660736
919156
259954
358723
120178
730546
807802
515258
433815
168267
150372
429618
493210
229568
122830
829541
16893
1925
278345
138336
470895
960879
918179
105395
533871
368995
337019
864332
823602
946030
341391
360502
362175
633564
590942
214774
433585
224969
639957
992161
97502
582943
619282
598374
404848
538025
391208
604507
679090
819417
59356
153569
538830
902475
161685
91095
249611
797977
915817
535866
538856
187011
133969
594576
441463
128194
797838
236134
578254
366555
471612
787736
216382
12448
128147
947663
134435
863520
842075
76805
614165
136469
761102
629514
272478
929249
408685
371191
800840
373173
25814
202381
547348
98626
432811
188040
312745
292691
211768
696927
959008
425483
409559
282332
621698
934114
766176
208508
270732
620672
43308
762475
728799
261628
653546
165555
401515
715335
970188
854222
241379
401952
878834
553472
282138
824132
435286
914531
890864
218746
521129
816103
480792
914512
181413
690579
623930
636976
774177
673141
645168
135460
475728
245945
262505
867043
745260
347216
490903
79299
257393
461616
755187
538050
125817
929880
223966
756998
577999
408937
682971
272066
974282
118343
779791
91027
930638
671252
213386
480977
871900
81974
508427
111568
584421
778020
81404
31024
702008
129425
943530
216095
341904
177522
72130
686364
782676
292080
968507
277955
701744
88798
759482
348011
653786
664128
876642
533545
298605
490344
940209
903569
939104
702766
283111
117176
704488
870180
664700
749743
509247
660032
213005
592427
510879
63440
507420
984515
706136
909067
524760
878668
914242
759826
275086
83687
19674
495905
352575
84286
529974
569376
811525
874600
936697
290395
956442
57942
914359
49094
244732
289670
115272
544804
576915
872112
723496
656213
118944
522876
423108
962666
572595
962797
930287
677417
840935
349364
351132
625212
395046
225915
412015
248557
451783
147120
775423
48776
797075
847179
105814
419034
135011
589462
367262
452505
290681
387724
486207
902870
436955
707942
38455
489976
473730
172757
186492
736647
763944
768663
227270
431102
384812
487014
609571
514542
631715
416121
643722
701358
259979
670032
129935
337310
819385
656945
228446
497570
614111
675457
67090
80202
222186
182833
453829
949545
745160
795571
720534
476436
664983
378809
5882
491628
610480
95410
141360
403643
36071
447818
780094
242773
551548
840535
792076
294552
479909
538054
596227
469259
941679
534936
982710
64783
999271
51142
810622
124985
794132
951082
573391
693770
205629
495298
203546
855003
487060
310512
832790
920937
543459
139452
844415
273566
901509
849474
134686
718264
173921
624666
298298
28268
449497
793476
405281
601350
845045
999760
627387
455908
203437
890840
8709
911891
208858
513346
424963
558935
453354
931139
26080
832244
663389
175756
5944
642761
551392
235913
661079
622144
488123
845546
770032
715457
553861
802286
277659
255953
260302
647237
37493
572352
763398
764860
455887
150776
208849
238002
752546
748515
928638
679068
685693
287589
173505
124831
157498
961413
848043
711191
379730
636624
327639
359197
151076
754613
163126
504360
803230
775175
642700
503372
655275
13806
233535
422259
935151
258815
408591
816404
417193
82009
922661
983664
937241
306748
404330
56042
171077
807744
55411
609748
912062
467045
897519
103603
44880
418811
460012
901049
502062
7445
25209
280808
412650
973847
677508
45872
886522
600246
27388
901040
392493
961603
325952
774916
278540
559997
342778
355589
672875
621418
372688
75735
937593
640554
214774
443430
188882
767582
777881
687186
176550
386335
533220
167354
114494
545578
740874
231447
74999
246804
315652
167682
798495
175383
502338
452161
193482
337927
596898
160885
212234
234040
13977
919330
393259
65384
325067
438433
332403
584018
345638
741912
40859
315072
273917
801192
625397
543280
346031
248593
453986
271063
568097
567752
291883
662624
67592
692214
378517
372896
329629
98872
999688
223960
603375
739311
644986
214953
384741
357233
216578
565591
902799
846234
89495
105008
572623
855521
824750
218750
426361
539524
348961
809508
456261
547350
354002
142969
286761
997529
929944
946147
535961
638478
995259
737712
811772
972772
462747
425920
95736
559273
88593
571308
845798
653609
849354
919574
969890
774055
708825
95263
890882
335329
369550
708365
344838
632054
371640
482486
101883
680296
39095
686832
99675
364654
550228
215679
533629
197077
42869
380990
387656
612614
268203
699808
782964
783243
523502
910684
954548
448048
413681
695392
516656
855462
734881
242901
989873
987205
51132
844491
899881
634844
14038
73204
82019
158996
282709
194228
576334
265033
852178
640752
343974
619898
936662
274306
334597
857272
991221
886663
765931
970597
310675
987548
332932
518193
974143
409246
963578
1097
164916
681784
997506
340136
135523
610734
402371
671960
530788
91456
981414
261794
159353
787231
965376
639778
973
770728
651704
213271
680838
564947
64416
50506
99445
776793
759369
437378
276794
935982
256976
356336
200140
561593
425553
754416
343179
154153
985684
962407
843867
122075
683951
84408
899979
710200
57738
668697
716492
816351
527635
666702
230544
339506
227783
712712
396989
74910
269352
162055
12712
67719
908843
347297
253793
537675
880645
311806
432580
864047
174184
618870
886474
700307
970703
19449
484215
889910
952543
640268
929276
166688
703601
846676
519238
323392
636462
925406
909971
214499
308316
467394
134727
633765
765907
716002
939036
853097
953351
458261
354190
646083
682649
643933
37513
613881
534479
639000
125156
264690
622208
814413
361692
746678
713323
933111
981864
345972
985010
447675
758763
319178
451590
505119
653465
512242
717040
911769
300988
497705
398883
99605
212041
261509
257247
797260
921623
960000
848892
588854
958256
472740
198859
775394
802849
372372
845781
35339
134515
938439
910251
33587
578040
312190
301420
501895
196935
65992
497140
643788
607508
879961
159126
757201
847693
902256
976182
488362
655932
523274
271860
278795
862016
861824
496595
643711
388052
393417
611946
685820
615877
746634
96604
676962
353494
54691
891847
999896
779697
524123
608151
786762
16010
358317
547613
871414
252978
374290
333585
604119
639438
555587
656830
340055
964226
669147
489383
89090
200877
601371
605839
203018
771187
158844
793483
305314
104277
778735
253096
142264
101783
829228
122629
8984
768824
240313
162363
619618
556829
818951
653559
258363
221958
379118
397583
212732
130288
435022
550149
660737
961830
277364
94226
852103
849999
184295
131415
632605
901483
592734
349515
313027
41526
502004
71937
772488
425643
903821
842939
485825
3225
712588
216376
579876
324133
932417
29765
125671
68839
704342
528746
737617
143409
209724
32139
96252
265463
467766
42388
100382
726805
228070
900430
998078
127588
369563
165639
456282
809665
421937
207551
74579
623079
605900
710078
819188
507977
407299
540417
80899
883784
830423
288538
348588
260694
648373
747610
189524
431265
618652
447906
353441
685329
864866
66632
737083
974371
655458
936220
645088
449381
106444
282131
300046
922115
971467
770001
93265
262051
448714
34667
293778
349666
398416
603428
85383
850878
24036
936859
364188
795386
176941
601851
273448
489688
103494
971794
851729
249049
64676
400638
649199
251271
609019
801464
466860
182755
623243
298174
893567
283395
606785
191663
693321
26151
201930
226579
61632
617621
100882
134204
246490
294453
527771
990664
63459
773165
717679
943511
35997
804335
214516
446843
548256
724247
889006
150689
661357
937709
503197
873466
717404
914752
440537
148633
612527
433990
548066
174062
699099
425337
953106
891785
188238
633797
468164
349240
841286
310473
298969
257026
452418
721276
90609
36511
72434
49711
28093
460321
385640
62234
31613
176060
625873
428281
890773
903719
721263
874212
854901
670052
803203
262136
543968
81877
28389
449719
498047
411522
641327
852467
211061
383452
480036
612041
244906
663874
896030
31931
633536
570389
540308
376490
917633
627552
640927
183170
132865
559267
583429
274629
540253
113253
821898
934551
358241
786608
731708
362805
692020
21488
321905
744627
771458
187162
950746
968739
879427
861735
897903
60891
494192
587058
245559
322123
170375
359837
864066
279639
458010
206168
250380
812177
136826
600254
110703
609949
134516
410021
525029
3543
566634
815990
156367
962926
430152
97695
773122
371714
499043
415879
770801
690306
42337
495876
429263
658622
118927
231936
666739
850743
265534
664746
768545
451662
760054
631245
597446
317169
548629
143119
689876
188550
122687
354370
138624
952587
30353
806832
948442
755972
665100
359249
421717
691919
524894
963769
297530
993126
215801
41388
228658
468318
188168
483074
391478
137831
26192
169908
214340
728458
86600
999098
960450
518917
348286
536121
883576
25005
807538
685348
195403
467615
111089
692903
513369
81877
490796
876426
890169
117409
267849
883419
27338
188617
977391
236151
821926
686692
402889
810737
723198
515870
522762
719945
340461
321975
771685
776006
615595
163287
382617
374259
341891
412987
41214
659266
5340
837453
630590
312318
989019
116386
571995
25679
74030
712930
68381
538477
89178
562651
179119
801348
342258
423919
220321
651274
764068
401461
807510
582274
633700
229566
656883
92903
678736
124469
78998
139306
512241
304445
951905
473719
580103
274081
888085
108068
464919
838814
987000
130122
762055
32419
352903
2299
722022
709219
537514
565928
803733
466165
475840
844849
699869
551650
203647
124827
157339
108031
280407
897370
917790
115473
499083
12704
337172
381429
9426
520118
160698
191922
349460
785876
271713
230786
157941
789873
491683
281111
246932
814400
482583
843525
814914
327406
543001
759767
716806
655561
656473
311386
933611
891607
569438
585991
193911
99153
540317
996386
650299
961781
468189
292552
319310
392869
59427
341522
261872
792457
489538
355304
493365
564279
562008
870404
843251
116828
504989
87624
6357
266517
632584
317610
52847
746621
958523
572891
979739
329443
467762
149409
896164
477395
300461
518186
359098
2472
912799
922566
643254
172060
70188
19387
493910
523042
2966
29870
795797
926733
423888
609298
820800
953717
14609
2351
227675
861323
889055
956644
587205
830938
67376
241297
691229
384208
469696
295347
565973
890412
160612
153724
114473
303300
897648
37477
461152
53593
96111
734947
371704
563678
544907
432758
185597
913015
862035
676319
953427
305445
476273
358447
679593
517537
852253
591392
354152
669221
25773
765767
773293
788077
961613
26491
916023
820735
749919
430037
470973
445389
523552
56205
892072
737145
717488
675910
681477
664454
343037
105632
15278
296254
628784
671155
631767
375758
889867
410414
773884
610674
562905
133837
365985
813657
734470
813586
327498
481967
77256
765869
884969
689789
840429
667142
964754
286081
712332
776611
729943
334922
881776
141287
744665
288491
337084
261797
887498
399150
360368
851272
98327
488505
130255
146340
283615
105610
225299
43578
944835
513361
909491
353132
282413
528804
183721
16575
768178
295864
886215
563330
155826
459762
885457
224679
989166
193963
994404
27408
219277
316383
277127
949231
451692
581968
112176
275264
420752
288594
3688
332984
834391
484587
721540
159070
611355
900402
153674
128762
205750
794175
59117
235820
604335
468732
149919
121649
173328
573618
859392
668245
594265
712849
843670
198137
694215
817409
767254
54527
929653
886193
788685
484546
69809
981171
602502
827355
114170
680685
679674
354652
726429
730327
989505
979240
464381
124617
450381
481728
453549
730077
133831
648163
496101
411115
164157
991666
638794
999481
220629
976
963074
552424
549340
173576
764853
155702
666502
434068
169429
308388
699940
797322
106168
476262
79925
368181
840512
119794
532097
459988
616992
501210
738061
384284
105385
308668
766316
172480
977478
298809
337081
662091
736329
22629
763965
390446
567716
123258
335796
718807
881264
431967
366826
796973
805317
297340
143331
323869
677527
563988
316013
70134
197608
853161
731917
505542
885313
141775
319350
550783
299593
665995
721606
239134
164399
879103
748354
717424
611842
300999
432807
268528
849538
303241
900561
91101
182049
390357
630718
329017
110787
535818
446323
653407
234144
108970
312862
321307
123671
312587
40394
531888
217566
636870
625687
903484
118639
271049
658103
557499
522186
122606
28286
229223
706244
874975
783463
784061
400152
944099
981567
722187
903443
669610
426183
911752
552835
564471
804322
724982
546498
974047
624836
690416
642090
343298
344867
540952
274592
801848
295671
233495
706607
775023
682028
924149
528773
501222
535352
495110
289357
899993
952381
163338
356458
858243
595314
890817
294794
292004
985827
652670
58238
402769
414029
999099
879096
895913
535010
437996
936012
900998
941926
763120
99599
284183
761769
807739
448556
14999
319521
353379
31498
115882
385439
197219
751725
328228
538930
446866
760508
603551
543021
917714
56438
715356
427813
921237
913098
699215
762640
204890
984351
862644
364105
548628
550181
319454
680590
266134
922656
485717
245615
425080
227917
398701
653155
897424
112265
297724
215749
846594
337621
550395
127181
969757
431832
829302
359851
131734
31296
6152
357239
86360
131775
905497
618822
99079
15635
89920
255659
38112
440368
431590
447544
376949
430973
800922
760747
22921
117332
334604
439663
816589
702078
341503
547261
966829
850975
381779
224656
226349
897528
849074
842080
459632
853867
129768
158378
208307
207116
955413
724610
609523
340537
305941
487871
202795
284447
41800
396369
550391
16377
500275
386909
311641
298333
251547
949877
212735
790233
130136
340553
328971
530849
442245
80533
325969
384887
705196
536182
78600
795689
126770
373083
250649
953928
105825
384798
869350
939099
117831
816669
729768
838852
216230
256699
918080
47914
870735
631367
456369
5690
391882
493065
631103
600333
428550
650838
107288
817041
611006
903758
488025
237112
556748
109209
638957
445736
180097
461914
664167
295822
242231
291244
157657
21480
456031
919872
974666
514396
589687
417452
846132
889685
712039
507455
210243
866657
850338
595245
568048
378985
39513
641408
936218
874505
474282
736441
761653
631172
801305
786633
656336
620566
636661
124068
560777
31090
547480
42985
945105
579462
499127
192780
35443
2603
634117
741610
577955
54995
69861
25913
376732
972807
62575
350763
797834
615858
585336
753735
357394
133292
46824
917055
318937
874039
960831
784603
758427
680297
500657
462421
29770
735653
481662
4637
638175
481022
64514
6423
148345
789372
815448
478231
919899
122102
692298
532443
309120
644616
629231
275165
614246
749175
707577
623350
791687
292084
550058
488765
165563
575636
605779
863686
821188
383860
349424
631338
899238
946206
932196
469538
175279
711899
74208
51347
588646
880926
263042
294263
934578
151607
2779
262112
820854
78654
413002
854834
878300
609673
591477
751146
46129
789688
662248
437723
265339
974094
924955
905581
346135
813451
82664
734848
969641
318861
937325
157839
451590
286661
252196
869851
434047
20724
53186
73191
269015
201376
187961
317677
912934
893357
339398
10198
212725
318379
167960
593035
320033
632178
524328
37612
434708
927009
522901
785496
596385
180744
115396
333490
614651
69810
768867
806332
771255
591298
141122
619328
896723
989380
151325
650112
327583
570302
79568
616492
941846
226195
733474
669030
148289
380940
481047
302221
218291
813016
920611
109983
692288
852905
900252
224959
290405
448407
219769
399775
458909
910018
215669
318010
35632
86816
831876
416666
971633
693055
258405
400761
374357
85695
871222
622656
424353
374814
704732
477739
888555
254385
554441
149206
759856
819893
431500
308729
71403
664035
757349
538832
470708
69155
917692
971349
130540
908524
933765
678139
771573
321645
925397
514203
596118
620936
552934
535743
30777
2895
146943
395710
572154
895817
818928
145200
159891
596296
239064
620098
789644
529302
918458
99719
94619
689329
939099
421797
531683
547185
459676
753178
749868
590692
646405
167620
156157
222743
582452
585389
317147
451718
13627
237855
414038
835388
956445
83689
901822
192477
102578
768930
723097
913415
455074
522744
596803
336846
986939
403124
562759
907595
240560
398630
507595
274493
946849
